Id,SalePrice
2658,122431.7550431237
2718,225628.07938010298
2414,198059.13047834177
1989,115743.29652764212
625,170652.34851121443
333,90377.94922439233
1327,93780.96071445727
858,156829.80693461612
95,208901.98667771643
1568,162240.32916423556
2482,171116.98783878144
1364,133817.06499143437
2584,156692.95210966194
818,282912.4870198891
2673,90823.07128983852
2089,100559.97684305906
1297,148623.23797453888
790,120778.63135034445
2616,182499.23658510088
720,193851.56682132476
222,149698.5182480498
557,131775.72432775502
1148,205757.41355516616
2766,140469.03509113222
534,183700.52979704994
1452,112140.9687903628
630,133729.31257806963
2648,138391.81275208612
125,150643.17122250888
1904,63269.522457961895
1670,106883.63380405444
756,123490.95096356826
717,257054.58980739373
1032,146235.12075266129
852,215023.06614687236
1731,178993.0616176025
2639,94927.89196549522
2071,67960.85359975827
1267,151118.19346864033
1851,227538.1822145371
567,174408.94978691803
2439,214452.0908538439
1898,158407.11826514592
647,147579.30426912566
2256,231781.49406817416
979,97857.16229924688
1444,216210.044564299
2485,109160.7975328626
157,114002.82799060078
88,122700.52595209092
2003,105140.88748076555
186,187696.6532776811
1425,259368.6777810129
2695,142050.82915032245
738,117411.68379157892
395,151473.94957859282
1353,178430.6028147225
1878,139337.53120290622
390,156894.40123310746
1456,242260.7935826814
1103,317440.96387250314
1387,144468.8939683988
2070,134088.58810512218
1199,180547.48917984747
2479,183122.92277339287
501,315106.4434772925
2362,99015.58999994755
1718,217982.91165598383
2188,99792.81076215563
1483,156318.0930552606
2557,104239.28864415394
437,360690.3542664269
2224,181977.52813680348
1628,180728.83235512575
397,128650.00572638391
587,191874.9589085786
2182,779080.3106789835
971,109704.84900628228
2611,137597.31027107604
1887,96939.04288530268
2399,337532.5911689028
2148,211060.67703232868
304,135317.15797386228
1997,123192.1672140082
2817,142397.14319103528
1431,193617.84952719428
427,390672.61119125783
263,118392.85617772359
598,155800.5196896912
2895,260741.23188123736
687,161370.80807838417
1822,133138.16001185
2191,98428.29112644409
179,113189.97213384675
1009,242955.7125767201
2010,128220.00655564055
1991,134100.3558869381
1411,162323.54712340073
1721,267977.84193434357
1144,190380.41233100952
593,210429.18640512036
575,301061.53234210267
1249,178582.93763627752
1604,115258.9257391548
1064,443999.95624898304
1923,142725.75425358597
1988,109597.81152104255
2325,170785.6192648542
114,195613.8311111562
2700,236684.77116634545
217,159699.3265850728
343,169658.0784974619
386,235195.9996835898
2005,60169.74943510126
2908,135030.75283778814
1814,205344.01697292883
2446,475710.36527152266
208,150317.65511360712
1679,133053.14133700597
822,311431.4818517214
6,179701.18650409195
1781,374564.25964352686
2397,297601.5393502353
2340,299809.456935441
1618,158146.6088203729
2843,143767.58426137245
1061,377921.01178447995
2786,113372.70469238202
1935,126192.0709831354
1341,117146.99669255319
521,275221.3010973003
2136,131840.91860502458
996,173179.98874791677
227,153203.88956912467
135,145351.46857506622
1167,160827.6226587359
294,235426.1017316071
1776,205150.72518565168
540,183714.85812098603
1717,217982.91165598383
2303,116072.34481373325
116,174655.55286461566
127,129725.27702993335
1371,144411.19693799986
1014,179287.89456213536
1507,101986.06704455864
702,148369.3049031321
750,158711.9551693521
261,146546.95639840025
1559,73872.85137104263
577,254749.3397199408
2812,209782.55142010824
2080,168785.43847283043
1368,118312.83773288832
2376,118208.35748489958
659,114531.43290012213
1235,120085.80853419405
332,89916.00141046237
1917,137730.59876720744
2094,257502.843488372
1460,266206.4711890222
1471,191152.60922915488
1509,124135.02075006193
1922,117681.96020805222
433,474409.520942947
460,285929.4655692939
1116,240284.1148031131
1137,155748.34923766632
53,185458.59761526075
2354,240585.81767706806
1475,205741.0371413019
1761,613026.1764393124
842,141234.5576229102
2739,200138.77498460497
2509,180787.14095497876
1007,205920.1848021869
2610,176289.1090233068
1952,100565.40667729249
2719,218361.57739372022
2921,90377.94922439233
1966,145185.6107307712
292,132908.63493262243
1204,182764.5544089764
1829,240674.40478657186
2419,193424.32277906063
391,154188.90432230613
798,145132.06675638913
481,191890.60162641585
193,198440.8230683428
555,124070.49417896735
899,-8114.119682982448
2357,175879.65680892047
328,100952.30515936427
1356,112758.679783981
1154,124882.03671829568
1730,181201.22057575616
2249,140595.15670924992
1119,259281.65388680418
2856,125541.47368716044
1394,136354.89375046766
2587,132574.1669057486
61,343392.53416985774
2661,188654.19392803276
2711,130067.88174718252
1147,187656.5061760947
757,132779.53941632767
2623,107038.56775464423
2378,148395.32396133555
1413,148913.8369909088
1722,245268.0709151948
1112,222886.49461143173
1623,177559.73454477068
1201,194778.01156132692
1513,129313.07945554284
957,277024.3964399552
1171,252453.96424561227
1145,200808.3286102963
2726,225810.00792352506
703,133858.40040024804
760,107236.58517769384
1964,145269.27149257864
2512,191256.37289323803
159,131701.98343487628
1281,166023.328333856
468,183171.52051769115
290,114271.14438277102
665,104596.20526302935
1463,281314.3135075383
1792,236111.30396269774
923,134914.87911622145
500,293720.5249356466
1408,134378.11531290255
331,80302.08581116633
170,111881.81442706913
2192,98807.9270905348
2571,321575.43818807404
2314,159160.39493946196
2647,87313.44229283856
422,412641.9100460068
2457,359151.6658696789
1838,212621.05533663416
2805,241373.70235852117
1645,153874.14565242408
1711,317538.78646576445
2825,253576.9801853047
322,351343.3673880203
2103,264967.359837007
342,116667.58110836727
600,108103.51736817279
488,182309.35402913013
1725,329787.99804921955
2246,246807.90096383018
2847,142571.0303570988
806,231639.76393922884
530,239441.96453025495
963,202539.9473140724
2678,103669.90596455423
171,79424.83146103524
2401,423843.0641834332
805,232867.833139801
2259,208679.31595200847
1748,180512.8942031588
1361,147181.89763917582
1677,135081.3447765313
1406,140019.77709599928
2322,231810.0672368693
688,166426.51819592828
143,138701.23814317666
804,196430.66204543057
1214,160481.12155775845
2828,145688.4176483484
1999,169444.7490688022
2467,210764.18855955615
2665,160899.85257766262
1538,295092.30981475284
398,113625.35189532486
2822,134077.47666322783
2157,156318.0930552606
1856,189107.2609071965
1269,104233.98338679594
2570,120855.992675633
2320,243931.1652604334
1517,113093.87821399022
2304,122898.39966510766
1312,100772.6664003146
2012,147672.08810453716
506,228592.01302175573
2865,197826.26626043086
2367,119931.0628329707
554,90935.32083309683
238,130068.4065104886
1954,110078.29341656857
2488,132990.29150648555
2291,90377.94922439233
1969,112475.32785581457
2725,167353.41701948686
1482,156318.0930552606
2763,205894.00601359864
503,255538.86013988755
1584,244773.29942142777
1531,162565.75916833986
2210,164438.22151209952
459,335245.89475975983
556,130790.21888733798
1347,157428.8477354319
1290,81276.44796516755
1388,118921.27158025213
1571,204498.80593860586
2754,210366.90852270857
765,141112.64025094334
2494,121838.96770416963
2870,197080.44469023426
7,266890.0728399225
1114,237432.74080459325
2418,269995.8846520405
291,92840.04119883233
18,349647.3104421423
39,347308.8592598321
1001,300466.84443027264
2442,235306.28396292217
616,137187.38034239577
2680,67731.78203096992
1414,140290.167962521
289,168505.7836221495
40,277857.8747061495
860,125104.0644647814
409,126285.9223376839
673,142192.19014548376
2427,182329.43444067647
2036,201015.23616753175
2564,142601.0686401766
642,196432.68334138213
1008,179321.91483449546
1908,152299.51037096966
2519,188152.61424324225
1369,114102.71144229567
2855,160289.38062751372
712,94057.62292648564
1943,124523.49455597872
1958,125321.71002501334
107,175286.55993969867
2295,187938.7440335038
704,101878.05959260513
676,138216.11005597308
259,183651.78223260335
93,292373.84777983755
106,244713.27079471876
2315,179974.76799083085
1050,110775.80245208522
1095,193581.52673744212
2709,137330.37870191864
758,132547.68454674137
1496,151138.61142125365
2370,134019.24652178885
2458,247181.16437924723
2733,134706.7990092937
161,251203.89277442446
726,162489.73381889003
845,211954.83197462093
947,277183.20430153114
2232,112026.5901035023
2563,134549.2622242775
2299,146776.14704952957
211,73269.28386993648
605,210490.06297665532
1478,205537.26500417868
2247,233687.7111313303
2274,220523.8057642291
2869,193883.10650222882
967,244977.82309502707
2656,95096.00392542165
667,253653.1645160138
1042,126837.65355788777
2023,165993.4066421241
2447,377948.15627066424
2055,127764.6492786979
2275,289549.3872637996
2204,176866.28859607407
1563,255417.08535763656
483,230294.33718235057
796,147245.88694419517
1526,160533.00595931665
2042,125809.27620728145
442,342125.50073514786
1693,327383.6420455376
1468,225230.39589060273
1430,185816.1099825917
2605,141293.93358290978
1529,183961.86804244155
335,133569.03438495568
1287,127542.29164458186
31,119322.42306698806
1785,303980.5642117749
82,150791.27179397322
2620,87300.15014088116
252,197366.08492848987
721,78369.77463795737
2165,184981.91393504426
2316,162818.01013726482
775,129348.52850109807
1558,137013.4672086685
17,195395.43277223903
1022,231443.3968258191
925,126684.30504542674
438,304007.72319949884
1270,109477.60100998159
1272,133342.74418711953
215,145613.61053957764
266,221046.27030489227
2402,282384.86441443267
1250,135397.92499194137
1984,101786.75817410718
1279,149402.4773013877
377,248093.55760668637
1252,79920.73972732169
2156,251509.520507342
499,305064.9181382186
1374,129076.28954923281
2898,265480.9982244886
401,111275.07995801696
2721,119922.0661456692
2078,228302.5783437614
2589,119526.4367895434
1946,248715.52603605262
1334,136895.36059069145
2781,249562.49633260787
431,396847.53531105653
576,199000.47126489173
1474,208589.56627363822
2254,145118.8648583104
2155,266231.36187382526
885,112958.0401279621
643,130514.28122231938
1944,134733.89649820764
480,202820.58066013618
2845,112355.6542957587
2387,328392.3057463798
2407,227130.66207903693
2527,156945.84482852687
2514,178070.59941585927
629,127309.52552016376
80,206714.4142011829
1876,130058.24792269972
1546,126312.19719943774
2518,176041.0345909419
2347,145766.99197268093
783,174142.50563681393
1322,-14531.374557619914
194,84414.53454607009
1770,303908.7987228457
2143,147748.67998149598
1229,195550.59501626313
511,266244.6406237446
46,227273.5455132688
1348,166138.26652448214
2465,202526.69519770617
387,231104.73581383604
873,204939.42269909987
1918,104523.5318241473
2764,221730.9789606016
2184,116491.10122066352
934,159964.4393938802
1920,118575.15771440521
2631,152614.7151965425
1768,617727.8977109526
2040,123521.74524055299
1749,215953.74887889065
834,236086.44347890164
1457,247553.52341950842
79,116776.96173375804
2302,110803.28285046332
1817,128690.53276103007
2755,249993.87157954217
359,167997.9880800817
2059,114886.8206059185
2092,231162.88427755883
2516,245844.45693534223
150,118562.80429134224
1656,155139.20120572133
83,96105.95386219234
2411,182412.12278258073
795,77425.69034138226
2312,226770.08442013455
2917,112873.41537604138
1624,190727.86684094433
2215,276423.7827017053
1211,136027.04019266015
1485,156318.0930552606
1024,159509.23771178885
570,186409.5430621702
2874,148796.14920737845
700,150973.38514501322
2756,221134.45751741162
2022,177447.10441646466
583,216919.20192433317
2392,352066.75323226786
2424,200467.78743805178
212,105932.39540788048
736,129873.28962140935
1610,176636.94901204313
890,119086.73378291161
467,180452.3504226568
578,215786.2979593817
1747,179360.90809513186
1149,171644.9586780977
2758,236203.1397687603
857,128190.19701269735
2219,227874.6952508582
733,66194.02555623621
2909,109475.15711145345
1798,274431.51603809587
235,114831.16943925532
2366,148900.68321883935
1027,128876.32354055735
1195,135231.33128639316
1303,43987.54450695614
148,166037.83769890163
608,145893.61379303157
2515,188949.452747586
821,277714.5752509785
2500,281726.21759980347
745,116918.00548699297
741,150211.8155746671
1611,95320.60149724316
2532,119427.48862850218
1081,220638.52074834815
1692,446734.5766300758
2520,188404.69673551864
276,86221.18310472037
1992,129408.721715797
663,36106.559605459726
418,121399.51385042307
1733,189377.38596448046
2359,142506.78931822968
253,194143.56295911747
1518,162621.18736709157
2035,159077.87689798896
2919,89916.00141046237
1540,216261.67675085104
2120,143985.48235147452
1674,187914.64974856138
256,136451.9717002504
2361,100075.79757483338
978,80157.12033667206
2280,146565.91450011442
2095,211903.47965688282
1709,330941.0515608268
2801,238010.8846922632
1246,120197.62686088451
2373,125646.72354941713
1055,294025.7260494903
2017,140222.22917507862
1099,262547.35929582716
1344,83242.08402189426
835,185131.34513164894
1117,219289.48515499302
2043,104997.62519315002
2085,134646.51437388253
410,150413.0486452083
2650,109191.2488319063
2867,158879.6927565299
1668,113677.82388715402
1161,187470.2216646939
2122,188834.6954197901
2539,129979.99180231194
1047,132108.41831771535
1445,122196.59000657924
541,133490.37733135285
569,226321.66224534158
1276,140603.6895395469
918,136522.81542375486
326,164873.24345860176
1936,127764.26780986568
895,90909.08766024245
257,129568.61291176712
1241,169165.82344973757
1545,126157.86698089121
1189,176362.3828237513
270,156318.0930552606
2066,201029.04537322867
693,109522.57427354011
1259,210628.41004999832
2916,143083.79148580309
2321,291944.6612338325
1977,46557.750383837774
1895,145786.39407444748
1240,149120.931427287
85,145342.20091368523
1823,117282.69509458652
825,271489.0896485667
110,225120.1209864483
697,126826.48270761728
2297,114182.90077505578
1231,133829.00637198758
1355,138806.8137945586
968,338534.30599419045
584,210814.15259291907
1315,137919.01938336308
1606,139047.72255487807
206,101291.32549079807
1685,336855.48838092794
2016,135131.52028552062
869,223793.08794806997
2135,123906.41431521843
2346,171331.60141140857
2430,222504.25417632703
2198,73622.96356609589
2652,106058.71181735446
27,113654.80901943846
241,166893.78209412456
906,112258.53252050743
1506,126407.41490397189
2098,355091.8752691568
1435,201763.91345962457
2213,105911.88474565695
1274,149061.82923927828
743,-42423.212517381915
1737,195236.02947612962
2797,267295.00702655327
2185,58896.23317599902
58,159410.46027837423
830,195470.256114327
808,99060.87208504582
680,167461.95084358528
1153,99982.39780650852
1291,148262.59484874428
1818,118188.39893321026
2161,196187.566082605
1883,127446.4000469787
350,399118.4913845841
2473,144765.9244920637
295,188310.4722022097
293,181186.04901756908
859,111880.45285100982
288,55741.3384972529
1578,167196.917223661
102,182176.9749686235
2831,144642.42311290253
1030,160954.81733259937
2551,130238.666350916
1286,146635.05415351928
958,307821.49530621746
776,123498.69565765152
72,205481.01438060385
2263,266270.0252344497
1866,140055.1630866198
2876,82088.48521339177
2146,266834.0596395025
103,189187.84507047152
1500,145688.4176483484
492,172148.90954074898
167,149919.22776811745
2597,106556.0298884043
2685,112737.69067190372
1035,141842.92957239514
1220,67246.8051002871
2602,144241.65852683946
2159,214625.69371626852
695,143466.24953862865
1109,259233.5727249923
640,173381.7283554066
1652,141084.16403268324
2090,175540.5448273327
1188,190841.74260703078
2345,209502.35688897118
1059,418140.0633510135
2751,254619.08147800865
128,205470.82530257723
1523,165286.15261953586
2925,146715.84006372598
2145,317352.3104036517
1121,220555.13619786524
566,304944.83973346325
565,235170.3397205706
1331,151856.76038599064
2928,123276.1724300922
156,128175.98712881081
797,137577.32396681947
327,93412.51566651362
2859,125030.48216663193
1453,108945.52862536209
1762,350873.16526431707
1868,185736.76634795172
1760,177040.00602287296
1113,256321.54791726678
1812,195776.2811043014
117,153571.98521979532
1142,194068.61445356585
2342,377591.86713738757
927,142756.74541130554
2478,187324.76007865742
655,69997.48746695396
2064,133453.6412896094
369,259178.23970320617
2239,142047.78216094992
2732,190970.42758798425
1653,167403.8534874548
959,231410.04387192806
2395,344151.88242852094
1412,105591.52788753193
271,237696.68769643235
1484,156318.0930552606
1497,144583.58629249106
552,121590.12980130012
2,121952.12743195164
1855,303190.62545355485
4,299146.4221879544
2292,148235.3962967005
134,131974.42638989497
646,113538.3633747301
42,315854.57645567565
532,224809.3108273864
713,105946.42239796693
2561,125408.97842930508
2360,126167.51334870397
1333,135363.69230947
1407,195858.6850629088
2892,287753.65253126284
574,219681.85402336204
1227,162540.2227917887
2591,240637.2334988122
1476,209096.20353050588
1125,250179.84501317213
1446,140584.09019657632
408,143316.57802273927
1101,290950.7105180456
2251,200440.16112328588
373,176169.94762605027
2554,134836.45870186537
2382,285582.719897033
1985,77001.65183941057
519,227672.73056685016
1093,178311.92502724405
864,256855.6584770229
2889,147421.48567550725
2308,213869.5022653477
986,149502.13434165396
1302,154609.4686816912
585,160147.0319173143
2708,133631.60019164014
147,129408.63641960037
1441,214077.79706746747
383,183544.4886430921
285,143313.18348444658
181,112469.59519601834
358,193924.08239705197
780,162507.2758448298
258,184601.43192190805
1865,205727.2774895344
692,117591.80915238304
2902,329605.7368579418
508,274668.0445850112
2638,135608.1708495711
36,147640.68254922272
611,167203.50126013823
2281,125649.36673865255
1678,156953.14881477706
1696,451857.6057192021
1557,85664.77455063927
2180,155114.47557934638
1726,233730.23317873734
951,130805.65099382991
267,239536.75035604247
2706,136508.7583945532
2221,218721.56319361116
1357,167454.09033493957
2901,314021.71805114404
347,162625.56101373403
2164,191475.46787262644
1586,310807.68450009485
360,161277.62140216684
1769,232618.1202276291
2617,144522.92146090174
1879,174888.5282787263
991,215984.078472757
1535,118444.76015801876
1191,168181.83846535053
1579,234715.88262550853
1882,127119.41569495699
1510,133937.63452398893
2196,161258.3604928816
1845,182176.9749686235
2336,390143.00474392227
942,109443.09552690017
861,127349.33214682291
2555,116054.82057953754
1392,166443.58159227172
2099,265169.66426648176
1543,140037.68817628163
948,268146.85038040875
1239,157538.68887471256
22,172205.9042980904
2796,253712.20088747412
2747,170276.83378084062
92,294013.2877928934
210,168674.28172916538
1858,204252.44839286676
2228,163224.4735401414
447,243608.3395150787
827,230930.00784838578
1649,198492.398489171
682,148718.9512769208
2698,116656.95987136522
494,154518.71902116068
214,109341.64993659023
2441,258713.74187386862
2679,110497.16019976998
1336,110137.97571370614
465,196125.60458132369
1524,138013.39348089197
2543,125680.83184470673
631,134620.01003221874
2452,314396.0080129112
228,149900.46700793953
126,173198.43389356096
1092,226687.85376455088
1122,207790.1273634741
932,194489.18589115655
1980,86687.21625546934
2171,94941.48332370672
551,149340.4008731925
2768,162430.0460679763
2056,119317.6086386615
1159,359650.6280526365
2645,134519.70125848037
1174,189364.99953589513
2266,234016.91765176877
2462,382198.5027536191
1219,132818.5491063465
2922,202067.09849379648
118,140883.75644788393
474,181315.14253224933
2576,150744.77730466393
872,266108.8155882743
1077,235107.29226031445
1536,132179.30567812998
1150,127491.46697343155
2341,318052.735047572
1931,152708.83472906917
2785,121281.91589286822
2538,126348.33138453768
597,204054.93861834257
464,226080.0445734497
233,213930.88395651255
2169,121167.15373461845
2123,168793.19445894452
1867,156490.80505310456
137,261450.5931788825
515,214153.19459297147
933,134391.3055069553
2784,169528.46780259523
972,159959.31893475325
599,167975.68717436478
2614,142486.74401573229
2582,131647.95621207033
1409,174421.32614912587
175,106958.82947567318
352,253235.60439931758
976,93582.68655647305
2134,207096.60197607375
984,111400.61237241607
2396,346463.55188854877
1673,135579.54565555786
404,137433.73207234527
607,160524.66755261034
814,156179.29565299745
868,208830.7157958703
2271,216677.73561525316
1633,278942.7335068281
337,210394.36541337817
2765,175090.97707589687
1746,227822.93565768393
368,358264.96667636826
2806,204013.45042393933
1662,176894.84168779655
1234,214432.7420007806
1373,130580.07632947259
1672,109463.94056894619
1939,116979.00306437761
