Id,SalePrice
2658,131122.8020564051
2718,200309.62567497324
2414,186999.40206836816
1989,130191.4142704506
625,200595.1323052796
333,95001.36330571095
1327,101744.60822735907
858,142927.79854983173
95,220910.80999460886
1568,149144.71770393767
2482,188555.6362566722
1364,130711.04457632499
2584,105880.10086514987
818,289189.68005688116
2673,156493.39511347783
2089,117235.26292907458
1297,157313.41316643235
790,116572.80413828383
2616,171384.1333124159
720,212083.9496062257
222,132075.3925543523
557,122540.85803195433
1148,216899.38240323472
2766,137517.74802938162
534,213103.24800572905
1452,105148.11759412609
630,136026.371422411
2648,163119.8281788985
125,152263.726150385
1904,35591.30003614753
1670,97120.49402154883
756,112848.20469009457
717,326035.8513117451
1032,163947.73114836682
852,225650.18492801592
1731,190037.2505282507
2639,127793.12386217428
2071,84648.86232503224
1267,125212.46102980245
1851,240267.76059899677
567,180702.3099604174
2439,249686.1882565919
1898,160263.3822534592
647,140558.41743094695
2256,220983.5677183139
979,85229.77593174385
1444,227729.7642683233
2485,107214.16285269475
157,108543.29760133551
88,114827.62997262902
2003,115392.52765674517
186,224504.04175519047
1425,271292.8726306079
2695,137849.48393355327
738,103598.5304474592
395,153612.54543213826
1353,165394.79475286335
1878,131796.99674732366
390,158744.6539819989
1456,254845.2604551185
1103,299326.9728799013
1387,144488.78475672856
2070,124198.77925627393
1199,174469.72266761347
2479,197347.2382260674
501,295993.0547884968
2362,85459.29227736208
1718,207173.8522691687
2188,73790.14229542256
1483,169592.75384009385
2557,74494.10957195936
437,327415.4577989285
2224,160281.70968672982
1628,193899.57172234054
397,130174.15521150315
587,197819.81206507958
2182,504766.5483768722
971,144669.16773266112
2611,137589.1603450703
1887,95210.91928870825
2399,332062.58633622294
2148,220834.93503474887
304,124192.16779837245
1997,151993.390618229
2817,128488.5324569894
1431,215051.56458680844
427,366275.49297295243
263,116448.44787637622
598,164874.9688361236
2895,231893.64437768038
687,159442.78574627743
1822,127283.12376768078
2191,90024.79866667453
179,58838.11174275237
1009,214781.02073566103
2010,110770.8017602053
1991,146393.76200840203
1411,159905.36266936146
1721,227891.72175721475
1144,208265.57784333196
593,230282.8487552316
575,261023.89444049262
1249,203618.57525016763
1604,108367.26486010023
1064,396794.34086300107
1923,141170.75183862983
1988,108354.70152607502
2325,177673.5041116054
114,192468.45437001577
2700,195201.9336142284
217,132121.776024336
343,162585.29387151956
386,246918.39730063756
2005,101373.04360942054
2908,64799.18554244231
1814,221908.4903862197
2446,399825.4250748141
208,170992.52623594133
1679,123492.18801192916
822,330136.9071140052
6,176247.82896606938
1781,372090.466527859
2397,285820.06569443515
2340,277386.9928907375
1618,163011.46848666167
2843,176273.77533249633
1061,377671.52536624577
2786,104057.0109981788
1935,126711.22964146035
1341,110905.98181112151
521,284958.11489402596
2136,130127.94652520004
996,176811.56127211545
227,122314.36810598476
135,149591.32551982906
1167,167715.78570379142
294,225033.86519751674
1776,241803.3544952902
540,205793.72307207936
1717,207173.8522691687
2303,115226.42860389553
116,181181.82406127045
127,130682.3026138522
1371,135714.5884436696
1014,134730.17108872574
1507,102004.74267712468
702,103644.5797722888
750,164781.82055335375
261,152218.64093690098
1559,66446.1569335754
577,242907.77716924204
2812,222383.41188582953
2080,167815.55562522705
1368,141689.96448832157
2376,105012.55445994891
659,120455.70362276654
1235,116730.02101812023
332,89840.89222020668
1917,136506.83955093997
2094,280862.70288037276
1460,275821.7964957014
1471,196672.25931459747
1509,97283.41543243901
1922,115684.22066056303
433,401429.6281439571
460,287579.4443186787
1116,250758.5991023027
1137,180852.22133524402
53,197443.14145130885
2354,251458.40166738327
1475,218244.48904994898
1761,463608.20408008643
842,123882.52555505902
2739,160484.67971358134
2509,191353.63954381493
1007,220825.0129770676
2610,182464.57700152177
1952,101084.4831834198
2719,186109.50111985696
2921,94716.77482084621
1966,128113.7503813178
292,148150.9601470176
1204,186457.7785828279
1829,178727.70394207316
2419,205380.06862285885
391,162712.77174334647
798,124873.69157906226
481,204340.49646816007
193,215297.9250059753
555,136770.2679372708
899,69154.52242173965
2357,211280.79623588582
328,122199.06716816005
1356,79144.0990513108
1154,99389.61632355512
1730,191103.03195479047
2249,145087.91985341872
1119,247204.2541503671
2856,139838.1533811459
1394,130776.17380420992
2587,135022.38178500597
61,328337.9041543552
2661,193691.0115551186
2711,121095.6655288277
1147,204630.72293000156
757,129173.0407810543
2623,97408.88628503436
2378,163064.0142550799
1413,142581.0147125693
1722,210773.25661396235
1112,235115.47266143025
1623,179389.5521422251
1201,198962.01686497347
1513,121843.31551801908
957,229224.00023331924
1171,266421.7568939498
1145,218965.83908760443
2726,197095.66887332383
703,147538.77646771935
760,101845.21619633067
1964,130144.66750100977
2512,203831.3766117855
159,151767.60935514636
1281,168939.35696720937
468,192784.05665994412
290,121077.86260867771
665,123383.23457416648
1463,297943.41304472066
1792,223543.8102797137
923,129886.5342071008
500,284553.5080211278
1408,127216.67622303998
331,107224.08863106283
170,124093.72006836941
2192,83246.59657590906
2571,295170.051240291
2314,162692.8934483088
2647,112127.15732339927
422,369214.75188759353
2457,350278.43160936655
1838,120613.7928594646
2805,253551.09564739093
1645,165598.27329617552
1711,301118.80704971193
2825,237264.61426080426
322,344563.407179398
2103,297418.7913999916
342,122954.72889833082
600,99791.78762422595
488,114323.01778091007
1725,317677.1464076756
2246,243489.30231724866
2847,149443.32186377875
806,250186.76125890645
530,242353.43048361642
963,192182.58748052898
2678,41651.613332201145
171,104007.41130919801
2401,371852.542457098
805,213122.07188028388
2259,195979.24431024934
1748,191106.13996035513
1361,143873.87244974793
1677,129444.5575634744
1406,141770.95419301977
2322,228709.88716884726
688,169544.7108412896
143,131965.98721471452
804,216163.83445306635
1214,159158.3354326365
2828,151352.87059899513
1999,207614.10135827074
2467,199460.7885094477
2665,176376.39740372443
1538,289436.62686099904
398,105356.13141010975
2822,138823.84799148433
2157,169450.4595976615
1856,184222.55165935075
1269,110925.56413884542
2570,115142.93825845432
2320,261741.949586701
1517,117533.72776811273
2304,122413.69859700522
1312,94577.63755416754
2012,120611.99906504061
506,225924.69942497532
2865,197189.06294877443
2367,131313.6727979628
554,128775.08780122723
238,125661.2705249291
1954,103917.65694572375
2488,153736.43078858015
2291,95570.54027544043
1969,97588.95543302852
2725,150747.44718907797
1482,169592.75384009385
2763,216780.66967060673
503,243974.39657635428
1584,243858.67944448243
1531,159347.83278821973
2210,185788.69716051337
459,319945.66222758824
556,124079.63965610194
1347,159734.26671792322
1290,73346.89371689403
1388,89056.08943849133
1571,165807.14940527728
2754,198477.74953694292
765,114355.96161312785
2494,114047.64606248395
2870,182954.84941979148
7,204077.78602264402
1114,257395.25965961628
2418,282747.82022485824
291,148217.30206264945
18,333124.84263393225
39,361958.89738275344
1001,266905.4017813122
2442,245801.87093316333
616,129209.57948452653
2680,76845.3012844713
1414,104144.38643138419
289,148812.78458176448
40,267095.081960568
860,121601.35323107126
409,141405.37356345728
673,134552.33547046216
2427,197240.60948939342
2036,196722.30308551365
2564,137525.08523160877
642,174780.60683230334
1008,189659.0330810534
1908,153717.5572256922
2519,205771.87581772706
1369,86754.38464430737
2855,151626.6403375134
712,88325.39046611101
1943,103880.54440878145
1958,143938.03208922828
107,189446.43033791007
2295,163931.17724992416
704,104322.75803568546
676,130534.55427917908
259,192405.86548408307
93,285167.4784186578
106,267720.2735078867
2315,179460.34334556578
1050,104090.64753871813
1095,204278.3889306283
2709,129745.9738750073
758,179042.40842411364
1496,149878.13141498668
2370,129302.26332104206
2458,260210.47477242188
2733,125212.80237529596
161,250200.39657326182
726,182180.01102301833
845,223284.54489233065
947,268938.524929869
2232,103044.6118793349
2563,129566.78906933684
2299,137219.01283556083
211,109079.72213303874
605,193447.52019813913
1478,231462.9756997442
2247,244955.47680555284
2274,178174.40845829778
2869,190656.12349744036
967,234213.35160431033
2656,95914.13270243618
667,237896.51686411165
1042,116282.4230214954
2023,166062.32148353965
2447,362578.9931851359
2055,116788.64736402419
2275,286442.7333684922
2204,177682.15027508454
1563,257365.76614370104
483,191725.8126668695
796,151267.2607892527
1526,156281.22725290817
2042,160395.986924953
442,335508.82418150594
1693,322141.8648538671
1468,228360.71869059734
1430,159776.07242252427
2605,210979.95662459405
1529,173461.91050812416
335,124600.82454628428
1287,77971.81126504857
31,108160.12354887836
1785,301032.6299216142
82,165069.75554350636
2620,139031.73017623433
252,214553.78017844958
721,71583.85158805776
2165,196643.1079813284
2316,165924.27849668812
775,133017.7409171327
1558,122318.69122525223
17,212156.96242957003
1022,279846.3753761763
925,115626.31739528908
438,293232.85936578806
1270,132449.12885691144
1272,113666.93379419611
215,138854.230206232
266,230563.7422556691
2402,268658.17154995794
1250,130655.54854150681
1984,118088.98673836765
1279,145123.02389386937
377,251326.83504037443
1252,130893.28264578199
2156,258395.13700290094
499,298711.3447143242
1374,111137.49854079942
2898,242478.73304883763
401,105498.42565254215
2721,158132.11651513644
2078,242290.10372908728
2589,114617.46010368649
1946,275989.52847959613
1334,122620.71897920367
2781,251332.25000642613
431,365864.8101210294
576,219945.18258513662
1474,221117.48838655907
2254,134261.61321552028
2155,278118.784828454
885,115369.47250607878
643,110280.26830417465
1944,150793.951714954
480,211798.92553858156
2845,113496.39094589115
2387,303762.43138451106
2407,142680.20839903713
2527,154667.2540326087
2514,183576.76481772726
629,169677.05626354716
80,221369.07155299257
1876,121223.31066009775
1546,108623.65900022967
2518,179370.08590651315
2347,160012.49557774037
783,176633.21988752112
1322,66016.93060800649
194,91692.43171926611
1770,286567.4491645328
2143,149084.81315172382
1229,200970.33341962192
511,276058.57259477326
46,213681.7853611831
1348,174264.79391281004
2465,214430.64229869598
387,241724.6350880661
873,216820.48634892388
1918,97072.59098841262
2764,241811.07710910786
2184,97258.04674752417
934,168238.34847610584
1920,116441.39543666097
2631,145170.67838018527
1768,469547.5149611144
2040,117868.71521207516
1749,252343.50590914802
834,233070.36764358974
1457,250579.1794945806
79,124094.82492259477
2302,101877.07126399281
1817,146174.698250718
2755,257883.74220545846
359,178337.61802438594
2059,122538.7203097028
2092,260299.40268677007
2516,242389.94074458908
150,96353.94050216704
1656,141859.79756911017
83,106056.1570424976
2411,217791.02529101633
795,79998.58585600718
2312,214772.03183815512
2917,125759.80364634318
1624,205149.04718752275
2215,194973.62131744693
1211,135941.57205873297
1485,169592.75384009385
1024,173584.7977603107
570,202598.47273174452
2874,143324.8510883088
700,164373.24327980378
2756,229045.37522357109
2022,178101.58820258098
583,211057.5847735859
2392,335143.43235026405
2424,212937.92754432582
212,112170.54775537946
736,121628.01109284884
1610,107306.20331688604
890,110207.20952807297
467,190097.16171654104
578,229017.61008132843
1747,189720.43471313687
1149,189211.0465288252
2758,232713.821949105
857,118383.19949834858
2219,253420.4489566777
733,100084.08163310576
2909,127030.61213327176
1798,284653.1641353506
235,94305.96821398655
2366,150118.41195503704
1027,149259.11774208513
1195,81655.10665092617
1303,48502.7682589069
148,166288.5500124119
608,144216.47112761333
2515,178882.22048082424
821,299903.6801090756
2500,271138.5115460453
745,107711.95844083896
741,146714.45763505518
1611,131153.0268650133
2532,106779.14306014974
1081,234870.51233064744
1692,387588.42466669437
2520,207161.09115196252
276,121342.47052941623
1992,138786.37462066725
663,23961.46697788342
418,130027.41338564234
1733,206121.69091398234
2359,138311.54509561253
253,209204.85351198004
1518,167983.37023823004
2035,153662.26524748583
2919,89840.89222020668
1540,193146.94055493874
2120,127882.14410457714
1674,198883.49283390015
256,138812.75647413713
2361,90489.80404032778
978,88229.78710414958
2280,168232.29043296026
2095,231649.95139901235
1709,314291.12483413843
2801,232964.757916454
1246,112943.04517734656
2373,115191.31642554811
1055,284401.22565245675
2017,138168.7720717108
1099,261375.31272498413
1344,89429.76640800829
835,155921.7235924725
1117,234954.01923475554
2043,88916.77343004697
2085,122664.37259191967
410,165610.5008560823
2650,115194.03964638221
2867,159847.91932889994
1668,109500.40505443083
1161,198233.0952038772
2122,172866.06995480525
2539,126549.54073189397
1047,148933.1387962703
1445,123140.96676715673
541,148171.28834092082
569,227466.82294077077
1276,140235.91364140704
918,151994.60820330796
326,165602.6019768659
1936,121597.75538911636
895,108094.13502431219
257,156732.97153605323
1241,168771.99475947884
1545,114895.5560495226
1189,177954.51256216748
270,169592.75384009385
2066,196667.5944898898
693,63263.019862252055
1259,168529.2821886706
2916,132642.15432528552
2321,282609.0747739796
1977,95272.42668160622
1895,145027.96120533335
1240,151479.88074844878
85,151543.55125923303
1823,103769.31553339126
825,273051.54521751043
110,225383.3141969681
697,132340.56599392183
2297,107687.36749266222
1231,131760.08055458078
1355,130309.04527182254
968,333560.7446858506
584,214605.15450914972
1315,131792.62807476183
1606,109588.89323434094
206,113820.84556070552
1685,329817.9641453405
2016,127478.08793252741
869,232067.9022895135
2135,129030.57748796977
2346,170948.8496277223
2430,236392.1870072228
2198,91486.07580233464
2652,122755.38229217596
27,104814.82421720482
241,201898.54209683172
906,133465.58480195596
1506,129234.812614767
2098,311761.78708857147
1435,206836.60759049945
2213,118628.37820214115
1274,141844.52590929484
743,-22957.798291883082
1737,209161.93143186602
2797,276121.39404976263
2185,68434.81031906349
58,166847.28508477286
830,210022.97891066095
808,131340.92393578799
680,156411.97213186393
1153,121947.96208503644
1291,163715.18031773128
1818,161016.08543297788
2161,208600.34054047032
1883,126531.94551740424
350,313146.85480348964
2473,162627.9992627552
295,172316.88954393385
293,193909.71890272177
859,104909.43802626262
288,85735.26117775723
1578,83651.70149876678
102,192670.32889048732
2831,204719.2921246934
1030,161659.90064148104
2551,127865.12048810278
1286,152131.27336413332
958,315100.74744927464
776,64834.90304860292
72,221955.56976433995
2263,261102.62026505673
1866,153739.79020025663
2876,55409.821584040474
2146,267409.83174845227
103,201515.37521075644
1500,174901.38788047188
492,177626.64780996484
167,134635.11359893385
2597,116416.38927329791
2685,125363.2746782751
1035,153399.89634256612
1220,59911.68911198451
2602,129656.55486342567
2159,227180.1311659196
695,162275.66054539068
1109,245786.53480760718
640,175073.0738116055
1652,150841.64743453823
2090,189505.91445516585
1188,187467.1286571239
2345,217254.43517761712
1059,368636.3294013955
2751,262956.1066598438
128,197059.71899456577
1523,168345.0219708206
2925,142367.1190256065
2145,321332.4320825747
1121,230838.95600356348
566,309103.9024913879
565,223713.07558469404
1331,136316.94466553
2928,121079.44231112034
156,129881.086383191
797,140363.145659919
327,95143.6575481433
2859,140942.8675542646
1453,99559.11252032453
1762,319686.96210234123
1868,192068.29134065018
1760,176819.14505822083
1113,266376.7867585616
1812,210042.68715599203
117,160338.49531258934
1142,205837.93844821397
2342,340177.301173336
927,119735.53789433942
2478,193245.74196028267
655,72311.6416934065
2064,103797.91108893347
369,235885.50399340724
2239,121104.5568416015
2732,209631.28099328652
1653,102377.93371394364
959,225967.43641509605
2395,327355.02814959874
1412,112780.97714118345
271,176197.69445258536
1484,169592.75384009385
1497,151742.77996587864
552,167727.52217424067
2,129562.35342039273
1855,271151.3786375462
4,260564.00610809354
2292,156954.3278655724
134,127626.03182368039
646,101246.74729532003
42,281178.37332883594
532,229348.5924075998
713,100581.68033032643
2561,121116.26642908785
2360,119253.96194470255
1333,128005.22695425141
1407,176969.93119791173
2892,290098.6869658395
574,235062.08985558455
1227,171946.87495945848
2591,229677.70261104568
1476,218123.02621348284
1125,297443.11714199337
1446,116050.85942637798
408,113274.8755108011
1101,286353.1006354977
2251,229936.92658425332
373,174667.8919393731
2554,110140.93537180033
2382,271883.9271743356
1985,75577.89010621171
519,225898.7472172489
1093,183369.62070010218
864,261251.60090281756
2889,152125.06858287012
2308,204702.36307242373
986,153467.77163907053
1302,117187.12857682945
585,134586.34669545916
2708,130387.79217241699
147,125371.58576337318
1441,223265.978392203
383,169719.70641288557
285,142662.253970186
181,119230.97698287573
358,168143.9271875769
780,157700.96795669768
258,192436.14012732578
1865,200071.22061201732
692,127959.6074146991
2902,309313.2606538425
508,282348.2917647606
2638,144167.7447498662
36,162666.66111747763
611,165371.7298793858
2281,119010.87337563268
1678,158704.2265578147
1696,389750.9008769961
1557,55715.80879234773
2180,134010.49032121873
1726,226352.24543591298
951,122628.47296832211
267,244441.80888219713
2706,128733.43067525025
2221,192343.7331156931
1357,165903.5544214924
2901,278452.88124219305
347,175142.79637164716
2164,204677.8194662443
1586,292111.3424021073
360,173367.47079467663
1769,221668.33165562013
2617,169023.24220504344
1879,155575.46650158823
991,172071.40195718687
1535,122610.52647913137
1191,159366.4769371376
1579,231454.97010380472
1882,123380.68181149679
1510,134836.61494730122
2196,176010.50563314225
1845,192670.32889048732
2336,345762.9058844191
942,105849.02214222122
861,113867.31130380143
2555,102230.3637509162
1392,150360.04847206827
2099,273833.1957573035
1543,143130.95738238882
948,276426.75075451354
1239,97008.08194702608
22,207360.60268094274
2796,261871.30886345077
2747,190329.40498082363
92,219547.44223460322
210,159648.15104032436
1858,223002.58645072277
2228,181480.8108970418
447,228681.39153479668
827,235586.7111236609
1649,212414.79100748478
682,127759.98278059455
2698,120293.7139625451
494,153838.8985561037
214,104712.85022879788
2441,260455.19847383362
2679,106108.14273677237
1336,129906.78618294722
465,185274.38043163077
1524,129408.25526469486
2543,118431.4905433351
631,150224.142316819
2452,300488.4957941668
228,142516.12508970237
126,150735.84782625374
1092,213235.3583841317
1122,229070.12946997327
932,186645.1933852837
1980,73109.7535748668
2171,98757.1453635997
551,158443.17188511573
2768,188062.59049546486
2056,89146.78194613301
1159,318917.81715573766
2645,157872.17361039517
1174,199761.13075271668
2266,220651.45878904755
2462,358510.37778159906
1219,134953.37083191297
2922,183999.86584636406
118,139486.0006974907
474,195974.0423251536
2576,150095.97146286105
872,271519.24030820397
1077,227586.96774151037
1536,130273.40118124761
1150,96008.08856931946
2341,279420.2173292532
1931,164514.49852726457
2785,124161.10174672032
2538,115236.27043678169
597,198300.63119084993
464,212880.53917865397
233,208271.41411185975
2169,122979.83855495241
2123,170973.48401227454
1867,171611.3253163572
137,236882.96174253337
515,221057.1547595102
933,129582.92347368493
2784,147212.4490172051
972,173155.99229626195
599,171343.14122114447
2614,129983.25049222098
2582,139064.7289852858
1409,170140.72447997832
175,98854.84970942629
352,206088.46080215857
976,80460.53351739305
2134,217212.30105534405
984,98934.24745270528
2396,324684.4237016279
1673,141258.93754847505
404,135061.69473056984
607,164146.07574822253
814,178368.96681209689
868,221414.30076947168
2271,209041.5843914093
1633,243755.736184331
337,184002.76124899113
2765,154007.67084150133
1746,240096.1434320314
368,311784.7802105368
2806,217000.00828392175
1662,174654.5182754142
1234,206294.34359177842
1373,121915.8770397777
1672,103861.76575862116
1939,107395.18264704774
