Id,SalePrice
2658,-1.220932686873252
2718,0.5106974118443848
2414,0.32522316386910344
1989,-0.9344470546570358
625,0.056808813678614456
333,-1.4195164084092502
1327,-1.2178870604550642
858,-0.16814039112978563
95,0.4934892991141515
1568,-0.03889866928997332
2482,0.007154638351344111
1364,-0.4350349663626032
2584,-0.13489994173037534
818,1.2926557496201099
2673,-1.9940310462156172
2089,-1.1671810026551017
1297,-0.4958682867106061
790,-0.7485283871203241
2616,0.22371362790992055
720,0.3089155049328154
222,-0.29021662531215053
557,-0.7189534120633922
1148,0.42552290259732484
2766,-0.4610872006140383
534,0.18617122933162822
1452,-0.9003079743414046
630,-0.4659610992274139
2648,-0.5218943491156187
125,-0.2639031269531342
1904,-2.237015579012097
1670,-1.0116607816893826
756,-0.8176896691976827
717,0.6440760735706617
1032,-0.2832943931850407
852,0.5732718049885568
1731,0.10925672863615787
2639,-1.3162541716678033
2071,-1.931187270321172
1267,-0.7382582842116512
1851,0.6623927512991434
567,-0.08947042015338358
2439,0.5987715244790293
1898,-0.22722098740816588
647,-0.4118277557616006
2256,0.7521539738579222
979,-1.3491376102640245
1444,0.5636949393942396
2485,-0.9093568121098379
157,-0.836971356320098
88,-0.6785771877532074
2003,-1.0532312435440478
186,0.42059923561571466
1425,1.026334775585739
2695,-0.48021862377629176
738,-0.9320684353063076
395,-0.24357786345770105
1353,0.15301182685682502
1878,-0.4453790291257276
390,-0.10812466936088416
1456,0.7870664015081621
1103,1.5227999131889733
1387,-0.2279563710742014
2070,-0.49583383793060243
1199,0.19457566784242086
2479,0.196703706593504
501,1.475113808823565
2362,-1.1907745848335396
1718,0.4044200596194152
2188,-1.407097066896053
1483,-0.3176403574233895
2557,-1.1560990321044304
437,2.0495336162902325
2224,0.08474144850243182
1628,0.06337387419394958
397,-0.5866933584322851
587,0.28384649755154
2182,4.17331458601526
971,-0.6910925087912543
2611,-0.40594133333259563
1887,-1.4741737587613732
2399,1.7823635547502548
2148,0.5450611411584907
304,-0.6579222186749512
1997,-0.736262165461719
2817,-0.43341333098994816
1431,0.27406231493126665
427,2.0349937556368216
263,-0.8257737536544947
598,-0.14177836070423577
2895,1.0799353327048005
687,-0.16471102521817205
1822,-0.5126046713272308
2191,-1.2451106510929448
179,-0.8913406597123243
1009,0.6265992112060781
2010,-0.6325057063036263
1991,-0.5818800774087638
1411,-0.17532845305594869
1721,1.0992517951647285
1144,0.20087389935138678
593,0.5486007270311593
575,1.6465657209458966
1249,0.1144909365557023
1604,-0.7936891181307608
1064,2.598359272366002
1923,-0.3518625269607103
1988,-1.1281103291351804
2325,-0.010562521247507561
114,0.2653160550814002
2700,0.7704283964452996
217,-0.5329777274942549
343,0.037116776220278425
386,0.8667204065112406
2005,-1.7524734613134072
2908,-0.530206726035467
1814,0.48631382346987895
2446,2.9976400578197477
208,-0.32632619260440077
1679,-0.5918279702803684
822,1.6474149214846259
6,0.12970690252315542
1781,2.195154914673912
2397,1.3912490669372177
2340,1.320402206247464
1618,-0.15016325930541363
2843,-0.5998386118152279
1061,2.1323578628605517
2786,-0.8537782560776077
1935,-0.6513196453209438
1341,-1.027899776379062
521,1.2419007183876838
2136,-0.47107346338715494
996,0.0506113973741007
227,-0.25665276984805985
135,-0.32204642641570125
1167,-0.11616096005425725
294,0.7334067924416887
1776,0.4818980960356969
540,0.1516667150999238
1717,0.4044200596194152
2303,-0.8242695183958757
116,0.035830967920195356
127,-0.6084755870596252
1371,-0.3906227344543787
1014,0.24349694131119382
1507,-1.317210766452217
702,-0.36038161400866286
750,-0.294486088110383
261,-0.3765857776999999
1559,-1.5015545252524038
577,1.001652349986668
2812,0.48767892743442154
2080,-0.05800486094841695
1368,-0.9206748899052921
2376,-0.8084921086999977
659,-1.0298067949470417
1235,-0.7005847534813627
332,-1.530272085477662
1917,-0.4723884721964291
2094,0.9778841205729423
1460,1.161797141692384
1471,0.3126689273166976
1509,-0.7340407637444382
1922,-0.7460349551756651
433,2.8092568336663355
460,1.3476743508604931
1116,0.9228657046033462
1137,-0.17643089873220763
53,0.20914772780278756
2354,0.9655288544997696
1475,0.4959306338518026
1761,3.5562141262639733
842,-0.3899156917353279
2739,0.3974662083306395
2509,0.008173849769534058
1007,0.4958129676253078
2610,0.08831742927643838
1952,-1.292399965754039
2719,0.42580183660684945
2921,-1.4195164084092502
1966,-0.3041321981527467
292,-0.6261108896253109
1204,0.24521016036467014
1829,0.7412161203037169
2419,0.2669637706037795
391,-0.18959166476046274
798,-0.47785004439631873
481,0.26306159545495866
193,0.13494419615357156
555,-0.6507128854379309
899,-3.893923310601317
2357,0.11439843355560608
328,-1.134143115461392
1356,-0.8642198551353513
1154,-0.7591351448529773
1730,0.09535292677714047
2249,-0.40889611961567507
1119,1.0448441425907191
2856,-0.6259041748252692
1394,-0.42053614235224224
2587,-0.7634512673203613
61,1.777090604784858
2661,0.15854886158480674
2711,-0.5680543443188109
1147,0.191066299415529
757,-0.6745566655730477
2623,-1.217785178115896
2378,-0.35400985009755104
1413,-0.4345098393065969
1722,0.8636724192451526
1112,0.6357241711352879
1623,0.11717560157709883
1201,0.2951535618707597
1513,-0.6502287000438054
957,1.289022162179303
1171,1.1680518517512821
1145,0.3933224025581863
2726,0.6693856895851145
703,-0.5392103820183669
760,-1.008788445836367
1964,-0.3115483771600056
2512,0.21148008551490705
159,-0.611889820808563
1281,-0.0138084772973599
468,0.12532068793436224
290,-0.8455258555444094
665,-1.3536753572458746
1463,1.2784964347059722
1792,0.8683342223028525
923,-0.4752350805395711
500,1.3182281818283679
1408,-0.7765281856227038
331,-1.7497261802025492
170,-0.8203686669909529
2192,-1.180795253186695
2571,1.726183744277975
2314,-0.16192757352317333
2647,-1.3108760662829413
422,2.434413911156491
2457,1.9491477435273215
1838,0.618893464179342
2805,0.8891105190801776
1645,-0.14885754332433176
1711,1.6623722816242923
2825,1.0467370060094225
322,1.9605357451200476
2103,1.0829222072465488
342,-0.8153973907368659
600,-0.9041066101133342
488,0.18158025371633002
1725,1.7372170384715382
2246,0.930198461137703
2847,-0.4055628175986987
806,0.8325784264261991
530,0.9117297478669464
963,0.3758410370748839
2678,-1.3243695845500798
171,-1.5427237706564076
2401,2.4908640339749173
805,0.8739055521778276
2259,0.6660381336122869
1748,0.030895940234541897
1361,-0.3886561892339966
1677,-0.5693070194351142
1406,-0.42147339780857873
2322,0.8535272716724789
688,-0.006793916237754161
143,-0.3651782858814574
804,0.37058264263323437
1214,-0.09566077837290177
2828,-0.4994914967726034
1999,-0.21509970369051956
2467,0.49294926019176444
2665,-0.17992920644123434
1538,1.8394081283843446
398,-0.8993562397055537
2822,-0.4896336598505604
2157,-0.3176403574233895
1856,0.12754933145390712
1269,-1.2390569831658018
2570,-0.7313467622094652
2320,0.86190459371067
1517,-1.0199359538120354
2304,-0.7560075792934864
1312,-1.2706602397130435
2012,-0.3529636518786461
506,0.7128319290508154
2865,0.42357293693984044
2367,-0.8918154206041033
554,-1.381019444032121
238,-0.5947993224864039
1954,-0.8781213757310824
2488,-0.45019831452429315
2291,-1.4195164084092502
1969,-1.1756227874214438
2725,-0.10494238270371437
1482,-0.3176403574233895
2763,0.40291361166579787
503,1.009078613023675
1584,0.9625643334944245
1531,-0.16701609258349936
2210,-0.314019715538123
459,1.7870864560904876
556,-0.5887643707523891
1347,-0.31522281617163816
1290,-1.510537868290954
1388,-0.8726049627582166
1571,0.3103831654520901
2754,0.49666297753790456
765,-0.39762659294017233
2494,-0.6959982056516862
2870,0.29574319853741216
7,0.8461582472945315
1114,0.8598968549033223
2418,1.2815900644948668
291,-0.521777984678975
18,1.7954430413572373
39,1.9493102292180948
1001,1.2565770207140474
2442,0.8920132279482775
616,-0.5854918818772212
2680,-2.354681913221992
1414,-0.48752822047840194
289,-0.012650274659100624
40,1.1098238948612273
860,-0.7491162588715468
409,-0.6624165438278657
673,-0.4153275703344317
2427,0.17140818847552364
2036,0.5366762712108368
2564,-0.42939712571435074
642,0.20616792853294275
1008,0.14896074604256437
1908,-0.4458429602518681
2519,0.2419545210462486
1369,-1.1377303702941206
2855,-0.10114537144357705
712,-1.4037540157778277
1943,-0.827498863993688
1958,-0.595129029839768
107,-0.13564638022679176
2295,0.14502095217452382
704,-1.3315347277072638
676,-0.5531192553088768
259,0.18088887360175665
93,1.3763124456095017
106,0.9773290234748417
2315,0.14626803860491577
1050,-0.8945528525745652
1095,0.28618703693248104
2709,-0.4863579588224223
758,-0.9324896354551422
1496,-0.29569607945463705
2370,-0.5815273025499819
2458,1.0366473494678106
2733,-0.5207591472801116
161,1.344323933521257
726,-0.2598793596154385
845,0.523010130886
947,1.3026533585252134
2232,-1.1405302337694914
2563,-0.5380723637618559
2299,-0.5132488584546522
211,-1.587403630602748
605,0.31353216276590334
1478,0.5108941214601721
2247,0.8371604725571595
2274,0.3438459593071759
2869,0.24431109359193126
967,0.9256397004266201
2656,-1.0714480921093932
667,0.8257193394449267
1042,-0.8076652360951924
2023,-0.10110214853586541
2447,2.291034350332281
2055,-0.6679930654574573
2275,1.375918054512014
2204,0.007651635293326464
1563,1.0381127229733629
483,0.5946814104929876
796,-0.4037933233431943
1526,-0.15944590049004326
2042,-0.8169896611081002
442,1.8423472889414105
1693,1.8143900088128397
1468,0.7817601830443888
1430,0.21822535638496987
2605,-0.6996496728606423
1529,0.19909633459635323
335,-0.4475185638415189
1287,-0.7093419076284095
31,-0.8834256475992408
1785,1.456077479560622
82,-0.25315857823322396
2620,-2.0148555382652424
252,0.3272792403149598
721,-1.6799632567511562
2165,0.20669584985847678
2316,-0.09159616328956055
775,-0.7217348343171106
1558,-0.9150902015491567
17,0.3308344056983552
1022,0.7254056883839928
925,-0.6891676740905655
438,1.3790814550360215
1270,-0.4941781454548071
1272,-0.4738807077696503
215,-0.33218996542447243
266,0.6244514910876964
2402,1.2348145766192955
1250,-0.6225211718705586
1984,-1.1460833695619401
1279,-0.27029558823698085
377,1.0997955932669736
1252,-1.4176050529125934
2156,1.024171455516056
499,1.594859595536132
1374,-0.6869932637596894
2898,1.0738823442744296
401,-0.9389186402862459
2721,-0.4405731680394105
2078,0.7469077812983427
2589,-0.6967362752552346
1946,1.0082790540656266
1334,-0.5063618182407863
2781,0.8829896983680339
431,2.340247148927225
576,0.3828332823237508
1474,0.47570256470288985
2254,-0.3713810907694288
2155,1.2063052555246223
885,-1.1319412374619549
643,-0.5379609884155769
1944,-0.6234717590559873
480,0.4108598749108223
2845,-1.0373870649351473
2387,1.7053374126462
2407,0.6005184432980064
2527,-0.28507053534472515
2514,-0.06895338499529657
629,-0.8171078372649752
80,0.47339455997027713
1876,-0.5343344045239622
1546,-0.68665023271021
2518,-0.05400822296328034
2347,-0.35745458874897285
783,0.012598351520550999
1322,-2.762266092066226
194,-1.6006112857572146
1770,1.4188569031713705
2143,-0.43683905099078135
1229,0.40247889042646356
511,1.1286062586520407
46,0.5986017288383296
1348,-0.07114364893592473
2465,0.3798185333372244
387,0.8217351945905573
873,0.4757759156796384
1918,-0.9404672580239701
2764,0.7101530589641367
2184,-0.821467958478336
934,-0.22613355875645347
1920,-0.7377907590660273
2631,-0.2792237487313125
1768,3.6239532563891155
2040,-0.6832070899704372
1749,0.6363485491292886
834,0.8015131986728417
1457,0.9234595732821562
79,-0.8633031373368025
2302,-0.893305343370451
1817,-0.6642231476440643
2755,0.8729650856656335
359,-0.034853701069323506
2059,-0.8519162753902174
2092,0.8127928360947703
2516,0.9422591803356299
150,-0.7999605309117586
1656,-0.21912526932932508
83,-1.3881228381375368
2411,0.1835904603067835
795,-1.9453651282092772
2312,0.7679218538519414
2917,-1.292789096340773
1624,0.23917918358090073
2215,1.638899805605389
1211,-0.4328690683435612
1485,-0.3176403574233895
1024,-0.07961825487152208
570,0.16485628403711594
2874,-0.3477293927880645
700,-0.4773561706631009
2756,0.6286789077773678
2022,-0.01778600222724247
583,0.6376702315588911
2392,2.021933763887369
2424,0.4427622371580835
212,-1.1442022580903672
736,-0.6219491816957738
1610,0.17890916124372325
890,-0.7636200774215256
467,0.08206233202791857
578,0.8976703967271558
1747,0.039859859130024766
1149,-0.002239409288835148
2758,0.7348427140580647
857,-0.6734066754003356
2219,1.2457515059522155
733,-1.9302829762309308
2909,-1.1352337808152169
1798,1.1587135462760134
235,-0.9048557818950806
2366,-0.3359805024886091
1027,-0.6111414911803603
1195,-0.6252099782508767
1303,-2.4929101900471182
148,-0.04729057907932699
608,-0.25674778988683133
2515,0.21297671866192847
821,1.2635235605817714
2500,1.3417346959229075
745,-0.7954169417742358
741,-0.39499341900119855
1611,-0.7236825759484224
2532,-0.7256539794040022
1081,0.6248117165247304
1692,2.6017470715698092
2520,0.19083805425190903
276,-1.620649430752228
1992,-0.6634779769673114
663,-2.6379644754164793
418,-0.7900409300294178
1733,0.31555211959951457
2359,-0.3393441475731134
253,0.2937722093424009
1518,-0.05791345749811061
2035,-0.2051265386646799
2919,-1.530272085477662
1540,0.7523910295657315
2120,-0.4583245551170867
1674,0.20922409707718792
256,-0.4531507352820512
2361,-1.0846761141172245
978,-1.6459535220569186
2280,-0.31211345855947226
2095,0.5637397455800315
1709,1.7393441196813164
2801,0.8768537250719106
1246,-0.8909682272056139
2373,-0.818657497574709
1055,1.2867288914846666
2017,-0.5282575596979537
1099,1.1401325660299957
1344,-1.770592370544505
835,0.2285588023580205
1117,0.6784112912186142
2043,-1.2336208353024825
2085,-0.47447224780553654
410,-0.31297769606881065
2650,-1.0468792361819594
2867,-0.10807824226281504
1668,-0.8160409596291394
1161,0.0679074232403778
2122,0.28121259790804576
2539,-0.5693058886958111
1047,-0.5412540422159626
1445,-0.7172587250143532
541,-0.5846951899558324
569,0.67093797697689
1276,-0.5185031459435301
918,-0.5594082052743392
326,-0.05209370503744726
1936,-0.5906110043461892
895,-1.444256727005075
257,-0.6193132102170802
1241,0.0015425252502501152
1545,-0.606114575434435
1189,0.14493937058141615
270,-0.3176403574233895
2066,0.4812882055039882
693,-1.057752466319887
1259,-0.27431176740352115
2916,-0.34668865309795827
2321,1.261304155989099
1977,-2.181914108967655
1895,-0.3337425635179141
1240,-0.22284254627905398
85,-0.3168746406302061
1823,-0.7740811137806451
825,1.2355269735275964
110,0.7216733977631096
697,-0.7726632606660351
2297,-0.9961209530247728
1231,-0.4556303271943589
1355,-0.4771618479538233
968,1.9225669264278205
584,0.5803093700768507
1315,-0.7424136666454202
1606,-0.567449057034854
206,-1.2189175423661514
1685,1.827288892682028
2016,-0.5345309843165369
869,0.663364459318383
2135,-0.7161181481721122
2346,-0.013663627382206833
2430,0.6336597699655782
2198,-1.905279460331324
2652,-1.0766334458123095
27,-0.8855185555650276
241,0.005592270802138977
906,-0.8713209450201171
1506,-0.9720377659112485
2098,1.9171069525181776
1435,0.4677631598458376
2213,-1.1290103496904145
1274,-0.3750641285916325
743,-3.7681506771884488
1737,0.38064370194010255
2797,1.219920770490564
2185,-2.3228806977791097
58,-0.16693014371372605
830,0.3079693207152516
808,-1.0345166138455322
680,-0.09439783949487346
1153,-1.2260571444370756
1291,-0.48565293294532363
1818,-0.5077264444500509
2161,0.26969543614766334
1883,-0.5896139362878126
350,1.9816442068697064
2473,-0.40332004791986353
295,0.2775042663983358
293,0.28272968479653837
859,-0.902712531540049
288,-1.991674605315422
1578,-0.24436794199763057
102,0.10098227106406465
2831,-0.06712089899609541
1030,-0.0530334447179488
2551,-0.5359301053124472
1286,-0.504700820859961
958,1.6007045863398401
776,-0.764647081971118
72,0.4736691228076344
2263,1.1320224795764737
1866,-0.4081323177543803
2876,-1.489904815142462
2146,1.1674935945894696
103,0.1832222416910687
1500,-0.4994914967726034
492,0.03439400831068262
167,-0.20153704970880781
2597,-1.029267407091747
2685,-0.877250296000148
1035,-0.3593171286378487
1220,-2.1897196819315563
2602,-0.36178404474178727
2159,0.6147572453711447
695,-0.5993302949335542
1109,1.0547551758766653
640,-0.04055564857046168
1652,-0.40075754452084844
2090,0.11043372030850662
1188,0.2529548082564661
2345,0.6484909140810569
1059,2.466554150100035
2751,0.9054226393851783
128,0.4329037079407785
1523,-0.0721896359937606
2925,-0.2705877382310726
2145,1.494200017324676
1121,0.7068386915993825
566,1.4613464935777172
565,0.8430214978970012
1331,-0.2977409247486307
2928,-0.7764551052636706
156,-0.5928636578012663
797,-0.4218933609186628
327,-1.3846013137953426
2859,-0.646644995085154
1453,-0.9943813743409877
1762,1.7933684427540957
1868,0.2189834838306668
1760,0.09852505413524959
1113,1.041087665958587
1812,0.3220739282088996
117,-0.2019015756213216
1142,0.2999365212629206
2342,2.0717061665224934
927,-0.299743487412389
2478,0.2012120257581298
655,-1.6781809189145314
2064,-0.5553869083196279
369,0.8337427918350286
2239,-0.39238040406841623
2732,0.3285284514596718
1653,-0.010258457371758567
959,0.723778638886178
2395,1.78940484327972
1412,-1.2669969540941386
271,0.8873275111823098
1484,-0.3176403574233895
1497,-0.3657315761027382
552,-0.5398156341127462
2,-0.7646823962526286
1855,1.2554786667146907
4,1.4553393053375654
2292,-0.2729011761025735
134,-0.4796085466147879
646,-0.8692847529560295
42,1.654959304662568
532,0.718157792532276
713,-1.1328286886741976
2561,-0.6565849461764341
2360,-0.5907770673449022
1333,-0.5785997989892993
1407,0.40855818350405215
2892,1.3266328633289337
574,0.6709509152253892
1227,-0.30433233703957985
2591,0.8794464260042778
1476,0.5309247288482579
1125,1.0462162187081878
1446,-0.5213365273895922
408,-0.55953850334582
1101,1.3816535088282924
2251,0.3600078221257501
373,0.19364424839386096
2554,-0.4852942457224465
2382,1.1873963198299373
1985,-1.6958077354236134
519,0.7189839238201943
1093,0.13836679008933395
864,1.1180749968097095
2889,-0.29778947208973605
2308,0.27541425352626625
986,-0.2892857325897227
1302,-0.536115598826596
585,-0.18087380181335533
2708,-0.49627582584864616
147,-0.5438644974092206
1441,0.5797542046099817
383,0.22704979179047502
285,-0.3711014883163335
181,-0.8937280020231841
358,0.2627075697926804
780,-0.10805302720032017
258,0.2248773019703476
1865,0.5053149854981047
692,-0.8374872001980402
2902,1.6875691642834338
508,1.1752279570612876
2638,-0.6091937880785565
36,-0.35824259529895564
611,-0.03793715489160654
2281,-0.645891225446507
1678,-0.2807004120249692
1696,2.5536501184120057
1557,-1.6402776537585773
2180,-0.26594972888977964
1726,0.6699585299913116
951,-0.558638574683961
267,0.859435136938397
2706,-0.4983020376850673
2221,0.5342225437974575
1357,-0.1706167151171023
2901,1.6260350084484303
347,-0.05343869581755989
2164,0.25607006096908336
1586,1.544097600880824
360,-0.07393908166207819
1769,0.7306006889768764
2617,-0.4469520433491585
1879,0.008041491914881682
991,0.6185063866260903
1535,-0.8289556194322909
1191,-0.04050794423311643
1579,0.6889163741522584
1882,-0.5830159882439094
1510,-0.5899710474312387
2196,-0.8147149601503378
1845,0.10098227106406465
2336,2.2912424652608383
942,-1.1619668243523962
861,-0.7473285191180246
2555,-0.8731181122763081
1392,-0.10007127713589803
2099,1.0852498802208093
1543,-0.6040338216708045
948,1.1605278846152247
1239,-0.18174357233193206
22,0.05388190281183025
2796,0.8960039344725201
2747,0.0019029449496095197
92,1.4155724263998781
210,-0.06521825745846943
1858,0.3864752468188044
2228,-0.06766844885794843
447,0.7603959472889485
827,0.7386702497401334
1649,0.4646713230470221
682,-0.25176743214979247
2698,-0.7992219189801082
494,-0.23384959608759992
214,-1.0257474838615366
2441,1.1125238113646398
2679,-1.1324805584029671
1336,-0.9059941260432134
465,0.3096204476712874
1524,-0.5471746718896089
2543,-0.726104438962639
631,-0.5483603324085262
2452,1.624858677225884
228,-0.3173564300669822
126,-0.11404995480428237
1092,0.5903094517434209
1122,0.537965501620115
932,0.26251385907106783
1980,-1.3673438390557968
2171,-1.170018075007579
551,-0.25486064178159484
2768,-0.10899610056998554
2056,-0.7863340417323523
1159,1.9108984013510293
2645,-0.8434479650502738
1174,0.21086476834837775
2266,0.8263746980513691
2462,2.1878129022490587
1219,-0.5279331807940757
2922,0.41230436532762127
118,-0.3546526238839851
474,0.1703739955476289
2576,-0.23048592837716253
872,1.165020234490254
1077,0.6887545936313826
1536,-0.7992838539779226
1150,-0.6754457473475339
2341,1.4014653343131087
1931,-0.22397876245227266
2785,-0.7218854601793785
2538,-0.6156349012043432
597,0.46995961219275983
464,0.5375913420016518
233,0.5348503808845972
2169,-0.7459735874867772
2123,-0.06038258051553669
1867,-0.1271415901384918
137,0.9517977428998856
515,0.6125989477940488
933,-0.6751860192460821
2784,-0.09497534718759937
972,-0.025368457008524636
599,0.10402985848405244
2614,-0.48023995949137177
2582,-0.6245018140139393
1409,0.05255638381208261
175,-1.1662674123584273
352,0.7331472569012076
976,-1.4277065496294954
2134,0.4602544121624925
984,-0.9812500618978452
2396,1.9395356971540938
1673,-0.6243244556893988
404,-0.48639394775111633
607,-0.16092896586891836
814,-0.2446044039525912
868,0.48088813633179583
2271,0.5099689379346559
1633,0.9972869912210927
337,0.3678630752184455
2765,0.0864250699576683
1746,0.7190786368251167
368,1.7429714498872606
2806,0.45505945713890217
1662,0.1089396335336339
1234,0.6089086197876137
1373,-0.5940798827894138
1672,-0.9490772287696156
1939,-0.7680242283628784
