Id,SalePrice
2658,109254.6190937137
2718,181468.70235048915
2414,202829.26866362386
1989,111695.93812780072
625,174592.1262845404
333,90892.92476177197
1327,106582.55601301971
858,154442.04841688817
95,206084.32468041775
1568,170139.38468743203
2482,162916.7184330963
1364,123532.21340876183
2584,154877.97389049956
818,310647.63136426965
2673,155919.45961932995
2089,111408.37607804757
1297,143532.62721363045
790,109449.926163952
2616,201833.07530315281
720,167496.09330668038
222,148469.1198481501
557,124177.0820733834
1148,193993.793340833
2766,173263.905065372
534,187709.35300776
1452,117398.73558916172
630,137769.99335802102
2648,112809.02441502595
125,143564.10455346157
1904,77568.50021437797
1670,114525.188947443
756,104598.37689649861
717,228619.9835919087
1032,161697.8126728013
852,212271.07517664073
1731,182439.76153190655
2639,110333.77978555192
2071,92697.98759827758
1267,134265.1539179569
1851,190620.09553160446
567,178434.30880419674
2439,213182.21936347117
1898,152579.14567472934
647,163504.88072513917
2256,232234.1832310218
979,104889.73943420945
1444,217012.3889022744
2485,123005.13303024687
157,124776.9482813652
88,113766.81593898036
2003,104252.12258957537
186,187332.45423828202
1425,258493.05817240753
2695,126545.16558396007
738,105341.33368025353
395,155610.9180527777
1353,157832.8704812226
1878,153552.99988871487
390,162748.4148989071
1456,245970.7837100647
1103,299202.37399087194
1387,109890.16458410236
2070,136243.67083008538
1199,173495.6758793443
2479,186024.3443703693
501,309135.398075714
2362,109920.94168693079
1718,211613.1258290825
2188,89622.15439133809
1483,161241.47196879642
2557,99094.30299432867
437,336750.02508369606
2224,201005.87612192464
1628,187884.0292067033
397,129243.90291010817
587,175551.55386214296
2182,581402.6179728552
971,141569.41769432524
2611,149063.37817806384
1887,103638.93148993755
2399,334028.47073592513
2148,210586.93855388075
304,117036.92751906223
1997,129514.49294936411
2817,120204.33099314552
1431,193290.5665967945
427,374569.1784248741
263,122214.52138837408
598,157657.48802792758
2895,233566.6215150078
687,151061.11186385405
1822,138904.00044498016
2191,103746.19107239686
179,118714.33826355136
1009,222567.7844398819
2010,124859.92922795663
1991,128615.00718565469
1411,141059.51586610117
1721,266359.6887117638
1144,185347.63404993596
593,209502.28682180584
575,293709.42892355775
1249,179495.86436015705
1604,135247.68347046053
1064,443409.85481606843
1923,145762.6445424815
1988,112104.7115775305
2325,177333.04828075043
114,190420.97591245384
2700,171694.82539088733
217,137542.73662800793
343,169685.25739521245
386,229331.49754524985
2005,100543.13586843523
2908,144059.20010688217
1814,213241.43622671004
2446,496758.4308692062
208,152237.6565039335
1679,102522.76781489892
822,299744.78421875124
6,188406.18546098995
1781,355943.9709492072
2397,303375.34333803493
2340,292729.5295948041
1618,160788.5802007975
2843,134851.8073417849
1061,379443.80440316856
2786,121168.50459460636
1935,133455.43345311537
1341,119213.11476119452
521,269432.2592344814
2136,146434.90632744436
996,189537.60458927092
227,165822.61336243758
135,166413.75955901438
1167,168049.035377709
294,240787.05553684256
1776,193799.3066889343
540,167227.06565050865
1717,211613.1258290825
2303,133078.98845485505
116,173604.93489338757
127,144697.4519470487
1371,125942.47888738348
1014,146093.1308692809
1507,104699.2452496223
702,124396.14102630549
750,132049.18826521662
261,146176.65624008066
1559,61944.60596482347
577,216516.6519882029
2812,204683.0897074896
2080,149322.71299424337
1368,111657.36835900047
2376,126942.15558445187
659,117093.2779147743
1235,121992.92149943695
332,88819.93852016769
1917,139076.46548048465
2094,251465.46622857964
1460,267142.8982611259
1471,192413.07010791957
1509,114967.32081212453
1922,141377.66234487193
433,524348.6567351242
460,289280.34135040094
1116,245016.66407993523
1137,154631.4223534018
53,173560.6721682484
2354,257282.66615328446
1475,194363.0676105435
1761,634928.1824220852
842,148917.47714825367
2739,120489.11704086901
2509,184264.61902210617
1007,210075.43869959482
2610,178072.00667349
1952,98086.40203482233
2719,171067.52857920632
2921,90906.2009403242
1966,129446.8381241522
292,124294.73867934587
1204,177123.83734160347
1829,253173.58152333932
2419,188011.41062119498
391,158129.02391455136
798,114807.82628111402
481,194717.66627592687
193,190715.44992545343
555,121979.80622959466
899,75822.35083161379
2357,182512.479458788
328,107908.40919960236
1356,117849.6084559046
1154,120300.1311948855
1730,182668.73599404993
2249,146136.588970911
1119,263501.6796017259
2856,135393.84626982085
1394,143206.34001905093
2587,125280.78995854846
61,337563.2271144058
2661,175255.87040227017
2711,131622.3105723833
1147,171919.006320684
757,120716.5601826637
2623,102025.64096283329
2378,144558.40319742056
1413,136842.66343628723
1722,249278.664402902
1112,216260.36715163084
1623,186326.67069197234
1201,186559.97995975832
1513,114014.36476305751
957,228801.81470208662
1171,249939.21479364362
1145,194028.70823002982
2726,236086.36676148514
703,151885.92920015228
760,93869.28661233638
1964,135005.33232441396
2512,186224.06468011026
159,134720.71964246003
1281,170263.66365015742
468,186460.56349017267
290,121174.12674860393
665,105259.06177983568
1463,264515.70062764076
1792,232495.08886459577
923,158313.07447970263
500,293617.9280598211
1408,137755.8507384019
331,84214.03568166395
170,116669.98018879384
2192,98765.11589113298
2571,282213.12199870555
2314,174111.9864036605
2647,93903.35887576688
422,482083.95946011407
2457,308560.0069005001
1838,224291.47520884837
2805,245919.2337893221
1645,154064.3531928543
1711,325500.29725524015
2825,244620.7560171694
322,341543.570333442
2103,259530.55575055737
342,120146.28177782093
600,119024.75864961505
488,186918.6391057872
1725,325000.0172362117
2246,253868.22237247307
2847,157718.26871550974
806,239137.63287901474
530,232803.9448721666
963,191545.95018021087
2678,96566.55343558537
171,95087.48048692619
2401,414548.5616199754
805,229084.51581389742
2259,227307.87933232973
1748,187449.81337105992
1361,133999.60695734757
1677,107446.04854190546
1406,134423.6440199046
2322,237559.35752529194
688,162758.14704362457
143,143538.3095871226
804,204262.86521542733
1214,147347.90065485705
2828,137387.76055682742
1999,143622.01727519176
2467,205569.3378101767
2665,141939.86753933053
1538,406936.119241856
398,123512.77587907155
2822,122473.53526580373
2157,152402.38605891957
1856,164475.84671045697
1269,110563.01132030974
2570,123267.81551309561
2320,248772.2614337194
1517,118141.06717982981
2304,130841.17893660942
1312,100036.9047699598
2012,137953.02631837403
506,228762.06398390286
2865,199537.68096802334
2367,97046.29957189417
554,104567.89231126936
238,114651.8874646519
1954,117023.91195729015
2488,136249.83082159303
2291,91925.99444428236
1969,99780.18739624723
2725,155452.3283076426
1482,161241.47196879642
2763,200927.199569627
503,245012.93249672296
1584,237603.86949603364
1531,174161.5476437274
2210,163165.0842341312
459,325498.6007511009
556,133150.15880844777
1347,125468.4254681395
1290,89599.34754023037
1388,116066.39843141317
1571,186856.99861686229
2754,211724.77169526878
765,125496.96775265806
2494,120140.38747252138
2870,218585.30657807228
7,225088.49754432772
1114,230406.02061101666
2418,274601.15592266247
291,130808.43318717081
18,346203.4041980041
39,340099.66646502994
1001,262912.1273697027
2442,238796.3744067259
616,126958.13941716135
2680,86270.55306949501
1414,112686.29934899733
289,138284.939694926
40,263146.11227227043
860,130880.95416531725
409,123657.3671118128
673,145136.39288168738
2427,173294.89343560804
2036,213722.09163323327
2564,154542.23740177727
642,159170.10020596161
1008,173331.91374264905
1908,140633.07689416886
2519,208311.3913221179
1369,95961.14881349573
2855,170008.58647245134
712,91196.06121725013
1943,112816.91553054264
1958,126900.60589844012
107,173569.45762885752
2295,171781.81958552852
704,104164.76576616244
676,132903.15429179574
259,183548.883362816
93,292584.8446369301
106,227350.21131943897
2315,180484.22299608763
1050,118581.37068382424
1095,195012.07555139385
2709,140289.18268503272
758,123276.56920750672
1496,147118.07570428847
2370,104707.47687298339
2458,233908.55026732833
2733,129762.20628632509
161,319693.84153641865
726,142670.19890629288
845,195504.75234120464
947,263641.62832524424
2232,100586.0896442933
2563,139400.3829325274
2299,136439.1688443261
211,109127.80570697115
605,171436.19224162315
1478,201782.3884392619
2247,255092.36174721434
2274,180633.28814994488
2869,193046.1037152554
967,230454.04676393105
2656,107658.14008821158
667,205651.28057162932
1042,107811.76562764216
2023,150219.1468386096
2447,390136.8339346986
2055,123568.54807660017
2275,275688.27746908163
2204,191003.4032643828
1563,259019.0218417321
483,228949.59178207992
796,130191.36179679235
1526,160421.87601645224
2042,124697.40654434032
442,346953.8181566268
1693,349645.7104151934
1468,228723.35348424528
1430,209791.59079859982
2605,141297.83044169226
1529,206904.24188327248
335,132026.67084102394
1287,113839.16603015781
31,93559.45139137137
1785,262376.94979386934
82,164920.311489599
2620,132482.37580979578
252,197262.765002167
721,78296.13885906331
2165,185913.90523898503
2316,171971.2070332109
775,132922.12253731192
1558,83559.06239943883
17,207119.11557038457
1022,224120.5551999656
925,143193.56106398665
438,301698.80226064543
1270,119456.26840462827
1272,122366.10463167091
215,129444.8411829995
266,225403.71725910637
2402,287177.3317970472
1250,126166.18947682966
1984,109295.45872579387
1279,147603.84528328612
377,247688.29831119804
1252,111225.24372492312
2156,246277.15736185855
499,322552.06308147835
1374,126698.18803025039
2898,240963.1894948195
401,124027.0684011709
2721,143221.82125499315
2078,251435.69117460193
2589,121013.55810458712
1946,258859.91608380183
1334,121879.2192885131
2781,232779.11123814393
431,390344.85950873105
576,206423.88182954193
1474,202446.85308335515
2254,141747.56854949743
2155,269190.4221431998
885,102471.4000845775
643,129001.70252383557
1944,134164.43695813316
480,206377.95569520938
2845,109169.00706766505
2387,325254.8990357773
2407,227281.62509456257
2527,162880.91540420157
2514,172461.6748893309
629,130408.04203864218
80,190056.5404926398
1876,141812.83426542315
1546,118304.70255341324
2518,173375.4938859685
2347,157211.51914640854
783,199822.69155123245
1322,67299.80268986731
194,86901.5984935323
1770,291751.27815446095
2143,144395.27189864815
1229,210744.9940796425
511,261149.74944063602
46,231136.04180971626
1348,142281.0161816445
2465,197874.1563210397
387,239483.2497614079
873,201108.22263504867
1918,114695.07263511936
2764,225903.6594305713
2184,112564.57356301084
934,146877.92562928607
1920,128008.03937715257
2631,164509.45397445172
1768,631528.0638971156
2040,109460.82849133499
1749,219650.70647120255
834,240598.11171463437
1457,240647.89158709795
79,135468.1424124597
2302,124925.61035128265
1817,139230.02823157437
2755,228088.2580713038
359,175547.59716039905
2059,116313.89988614444
2092,230524.20219046256
2516,239660.45594217445
150,114181.99022432513
1656,149645.28210558952
83,98210.14286947361
2411,181587.52133762263
795,92555.13388714286
2312,227366.36751371602
2917,95558.28940644892
1624,182536.45475152312
2215,307653.0720651158
1211,158517.0905767571
1485,160878.4678989218
1024,160820.7690366486
570,192381.7292968643
2874,123944.86555841676
700,138800.48431006624
2756,213295.48109833806
2022,162749.7665493154
583,218346.9026981197
2392,383945.23757098155
2424,191738.2679774503
212,110999.47878119988
736,127052.30569043392
1610,155578.71386960172
890,115807.61431402713
467,181750.59354122038
578,241483.37532706436
1747,172945.42911216224
1149,163827.95108049584
2758,215684.8263734928
857,132223.514038805
2219,266329.98263178015
733,74593.90400362678
2909,114190.97212768327
1798,280495.832814879
235,112962.1235197007
2366,118325.39536789042
1027,128794.81980174866
1195,142460.62454503778
1303,73934.0598226649
148,171048.04761481966
608,160057.70212331062
2515,214882.93812672098
821,275910.1180511971
2500,278353.27245419426
745,112564.73190628868
741,125805.62359926349
1611,90623.46117764483
2532,125446.01197315103
1081,211526.62744668272
1692,429654.27617471083
2520,185162.7228009917
276,111718.81925111735
1992,120511.89603380463
663,70321.22883610283
418,122449.48614291126
1733,195485.1077372413
2359,142041.5376401901
253,189681.74138637923
1518,173818.66862642937
2035,143911.9803186505
2919,89553.55769901501
1540,261534.1138521361
2120,142869.6984228229
1674,188306.19884833356
256,153437.25273603102
2361,111664.27235631207
978,83321.20334083191
2280,147417.64810083038
2095,214091.93733720263
1709,333015.0930410613
2801,224321.81242148072
1246,117649.12741783343
2373,102979.6775934863
1055,274434.0574181218
2017,119833.75709896299
1099,269178.6919790134
1344,97762.94618027343
835,203163.68282393794
1117,207865.331651056
2043,95966.86365764427
2085,135079.83985997908
410,149588.37931712708
2650,107262.05836194636
2867,175108.74639314073
1668,122606.57849836322
1161,184711.29435851428
2122,181222.5002685491
2539,132443.45281112826
1047,127807.78121828966
1445,128503.4870966449
541,134287.2515175075
569,222997.7216348794
1276,123941.63626416404
918,159790.04881867932
326,181538.85185310242
1936,139326.370907718
895,97451.97298706904
257,140813.00909076663
1241,172114.23024159917
1545,117700.67684736491
1189,170898.26077782063
270,153518.39111905615
2066,162154.81792596597
693,109396.01332576916
1259,163801.60442465908
2916,148154.4746454668
2321,267992.7147241191
1977,85961.5428768428
1895,151242.3995743304
1240,150353.14381604525
85,142667.99755566358
1823,112598.59428308935
825,261644.2089076356
110,208029.86249200933
697,121267.16215152694
2297,120303.5187317832
1231,130650.71259468557
1355,128229.13583636243
968,325498.2542371409
584,241598.62630358635
1315,120278.5720613695
1606,142253.9694138248
206,93657.89377036988
1685,337816.1327242034
2016,135315.22749787997
869,216914.8856977327
2135,125563.19862856758
2346,168292.85391308105
2430,215277.76678535432
2198,80365.13607083994
2652,108140.81041271774
27,124250.45215968598
241,159652.78540434135
906,120659.66529528321
1506,111826.05701048576
2098,347462.6913072392
1435,199920.21635631903
2213,135844.2388383313
1274,135242.50227920283
743,44415.30823622518
1737,186847.561841665
2797,268526.10346265923
2185,86137.45805379526
58,181045.7088360651
830,192326.68452663225
808,121371.6079892909
680,153976.3959104646
1153,107713.22146825194
1291,130827.05441067247
1818,146598.78011122212
2161,192309.03000505257
1883,129770.3802810122
350,338631.18430892384
2473,144656.2621234202
295,190407.95189877838
293,177538.96699520072
859,123598.450928797
288,73184.15907242338
1578,170080.97378929012
102,175050.52454725443
2831,146940.90824284637
1030,162771.03172617473
2551,129337.89674082125
1286,138323.9733543215
958,320030.0687913026
776,125563.37835504062
72,203391.77729279024
2263,262067.23872924023
1866,153023.7259669218
2876,86077.79656514456
2146,260659.26079730532
103,185102.06505402602
1500,136685.0928605682
492,181265.59357250997
167,132047.88005379375
2597,117052.26216083606
2685,108921.79507306284
1035,148521.49168635494
1220,76263.26346298485
2602,144827.42059285502
2159,222843.20307454842
695,132910.13333688828
1109,257744.09913976953
640,154981.76058535438
1652,149853.76418805865
2090,175500.37242813944
1188,173322.33240851047
2345,251456.95123361007
1059,401008.74275993544
2751,234371.07000735743
128,198806.9260976358
1523,173389.18504612037
2925,164964.49650392064
2145,273499.4915183991
1121,210128.72973660607
566,301278.56575809116
565,247963.90743263622
1331,137840.19049720006
2928,132154.41343001506
156,135537.02170845348
797,134981.28536799658
327,93084.80183130328
2859,136428.36838857213
1453,119955.12337713483
1762,346093.5289800394
1868,195435.05481046063
1760,188750.96208609964
1113,250607.17539257839
1812,186785.62385477553
117,154844.16194195914
1142,198005.3947291123
2342,365162.20573031285
927,138589.7030070958
2478,181408.96068147648
655,90743.93519367711
2064,125445.26719659696
369,244959.5855732406
2239,115439.94582870332
2732,218239.978845782
1653,158507.93410352003
959,222291.06176047836
2395,348208.2798777469
1412,109105.68579268202
271,243589.2580930143
1484,161152.0406078792
1497,136112.0934479848
552,165948.6407193726
2,114941.3858768565
1855,261651.80043243995
4,244185.86014039099
2292,165228.4967106277
134,137412.7040268041
646,119977.30423244416
42,338761.0238462848
532,206353.49536779424
713,107882.59493588778
2561,123806.65674647044
2360,132810.06817117418
1333,122735.71166717345
1407,219732.41063245537
2892,293036.6610644438
574,217720.84628519972
1227,173811.11356262816
2591,228905.41791218185
1476,196017.5779278487
1125,255353.41639152268
1446,138315.86319244548
408,103767.70325482558
1101,294556.33636823937
2251,193697.18278256248
373,186590.76548891675
2554,126987.14292754685
2382,276470.85205797007
1985,87976.17947259918
519,207324.62651629662
1093,182439.21937267677
864,254196.20032016246
2889,142426.75428495958
2308,181414.60369021085
986,152021.83077466858
1302,138356.68134283915
585,157288.22011025122
2708,142313.874173223
147,128286.71863369724
1441,212848.22471871364
383,188633.75856557104
285,135876.55954465969
181,99469.20687286815
358,191678.53253980956
780,180065.01564424165
258,196727.6589554563
1865,223919.15005783617
692,111375.1647730567
2902,326361.26953620167
508,272125.6857791465
2638,120001.54774527461
36,144921.37257811794
611,174791.78108464583
2281,121089.58143729343
1678,114428.27187372727
1696,442787.00509284466
1557,77750.88122058548
2180,149635.6200441099
1726,237379.2468773619
951,148556.06647422715
267,241653.62614467094
2706,138493.69204651625
2221,223507.94654816744
1357,141195.0450474027
2901,321102.9591043885
347,183219.06104983715
2164,186348.29538951188
1586,321519.52672252234
360,165713.0093990483
1769,228876.83199611824
2617,173542.302849405
1879,156201.87845277603
991,203187.7636206551
1535,121550.53357475821
1191,146638.0928885764
1579,224224.08894614616
1882,139201.58872537772
1510,115700.59599238748
2196,123984.24582950561
1845,185326.60598127198
2336,395717.4575211538
942,103337.81179409113
861,132564.60610900618
2555,103937.97756155163
1392,147400.74856155374
2099,259723.84740381083
1543,128572.14005589043
948,257396.42011975957
1239,156020.31598685225
22,183939.92679646242
2796,231246.4300084438
2747,173812.4667437911
92,297418.94017375004
210,176847.1454998325
1858,213719.30478006497
2228,143716.37006969657
447,230400.39234547966
827,221502.430545792
1649,224512.01515597638
682,132846.09831728687
2698,102142.48198929391
494,169679.10089639187
214,99463.2667208303
2441,251730.01150023556
2679,106540.99904329849
1336,113870.9028609224
465,199455.16058731973
1524,147307.98103890909
2543,115915.43077344121
631,133646.24744177857
2452,308905.8993178318
228,166882.70626416022
126,154897.65503246564
1092,230235.06626856193
1122,203908.25246324274
932,229185.82009451583
1980,90284.31937333876
2171,97913.36981806396
551,158541.16445964336
2768,173653.36472466832
2056,116632.01620911933
1159,343781.4908459277
2645,114449.24064473303
1174,182747.07838557463
2266,233969.63480047183
2462,363377.7155320108
1219,146875.02804402143
2922,173881.47626830483
118,143651.54176609506
474,181946.74990483024
2576,144904.6240452386
872,246985.1740612644
1077,238653.3767547221
1536,138453.9999205888
1150,124182.27630405188
2341,296814.4456012701
1931,155678.19050099782
2785,129015.48470329812
2538,126996.97308641607
597,198427.25076868574
464,216634.6957866363
233,231310.55927646073
2169,128785.3620697285
2123,175714.81923627405
1867,154823.77133801053
137,268452.224801425
515,225456.50622897342
933,127405.44084146104
2784,174479.8841567114
972,167458.9367989469
599,145762.07202756745
2614,133888.87816167367
2582,151399.93448707004
1409,143934.86385235057
175,102874.47437448791
352,223384.0097146696
976,94443.67615067799
2134,201313.43832758456
984,119851.99321003759
2396,363471.6983350513
1673,146271.88985458383
404,106547.9335793469
607,165885.19474594196
814,156718.51344619735
868,202239.99794524073
2271,200174.72463950387
1633,264088.86718653096
337,187106.6776416333
2765,168674.8063282637
1746,220065.1430543306
368,327762.4448662305
2806,194151.84419916774
1662,190340.07952336772
1234,221380.9212745193
1373,127890.23126653944
1672,117304.24277781915
1939,137298.05150094995
