Id,SalePrice
2658,126601.16458721666
2718,194142.95890609873
2414,192126.8175427786
1989,115213.12711943532
625,177611.35065702588
333,90345.94184692309
1327,114078.52515244158
858,153583.28543777537
95,205775.25495974065
1568,166277.0292766427
2482,158678.0347980436
1364,127880.33495326711
2584,163852.74328473938
818,294961.0556799105
2673,153616.80331804417
2089,120588.28980249098
1297,138589.96248084342
790,115497.36042464979
2616,204423.11966133455
720,165140.97338525456
222,161802.77788535212
557,125620.22755833283
1148,201943.467897673
2766,166099.68685740753
534,185772.78145272628
1452,115790.1817598869
630,135170.0352868408
2648,113937.21970397046
125,145016.68318297007
1904,73862.41251254377
1670,113235.43035180475
756,105472.08204788812
717,263728.81931155105
1032,161536.33196771427
852,216674.74912347435
1731,177442.60838788503
2639,111381.7811341564
2071,86947.32470819817
1267,134198.69845386397
1851,202464.8901390084
567,167401.0245677093
2439,205840.78894501444
1898,155583.01575849656
647,159946.80128673563
2256,218290.48965383845
979,100401.44267534142
1444,214679.71799651592
2485,120292.85940435894
157,130062.60315265621
88,119354.25493564268
2003,108221.87057794405
186,205171.82857759172
1425,263390.18482739903
2695,133115.72350080786
738,106454.38052734808
395,155996.8491385832
1353,168842.63954560919
1878,144660.58089009908
390,156010.8259844024
1456,234321.4800327767
1103,315267.2484732369
1387,118450.76232587764
2070,147031.60257602265
1199,167376.16817958292
2479,173401.1396329244
501,326109.0838481755
2362,104178.3807395835
1718,206993.52071049777
2188,91145.77742001785
1483,155553.70115832504
2557,104367.55981136435
437,355894.01053424424
2224,214644.97526434506
1628,172828.72595594428
397,132852.8756799992
587,186183.3230035263
2182,965151.3437368732
971,137514.61623091451
2611,152178.68827870928
1887,101685.43430684856
2399,333876.34997296345
2148,215051.21479951948
304,109553.06036307296
1997,129785.39937931801
2817,116679.82656279362
1431,189867.15299218651
427,373325.64707108645
263,119567.8625547252
598,155472.62458030385
2895,240123.284741951
687,152565.30438608959
1822,141989.09234330308
2191,100574.53071184737
179,123960.00039476718
1009,206670.34493764458
2010,128577.00469746083
1991,125081.86216300513
1411,151506.36008541263
1721,258156.28072415883
1144,177622.63352916393
593,204826.7862339704
575,315514.44837425684
1249,178485.5910833524
1604,127918.80968266065
1064,515868.42907941126
1923,151969.5166906751
1988,111535.97223956173
2325,173122.24977166977
114,183067.02907425672
2700,189111.7937764656
217,140066.127474981
343,169935.4156334549
386,224429.3799820899
2005,103231.92403725129
2908,143018.9582261014
1814,213908.96890326845
2446,570772.6165911203
208,139952.81456412122
1679,106072.71677184038
822,313033.3515045543
6,189541.0742958195
1781,379808.9118412673
2397,291572.74462423456
2340,289300.67775280646
1618,158286.70188502225
2843,131639.07263171283
1061,369807.0571545662
2786,122576.9092766055
1935,135383.46080592528
1341,116258.08756858851
521,281632.0878448243
2136,135853.75463471623
996,186376.85366707738
227,164043.1158671305
135,166481.84390311257
1167,164499.17747066403
294,257858.33627686524
1776,193169.57515909142
540,167542.79580751673
1717,206993.52071049777
2303,124431.90084615072
116,177926.39303483232
127,141683.93268365547
1371,132394.40500078836
1014,148881.85171687842
1507,99547.28888774144
702,133826.20323907785
750,133585.55838849294
261,146639.3901429916
1559,87738.98870111615
577,216759.87441801417
2812,198771.94186216695
2080,156564.67677156755
1368,110858.77916680419
2376,125219.28095103239
659,113522.49385896444
1235,123284.769112766
332,87744.02393724915
1917,138482.87701669388
2094,243362.30301720172
1460,273215.4555942847
1471,198973.4217525782
1509,124051.88208635127
1922,135995.06049997237
433,596556.3450685923
460,276556.60784293205
1116,253618.89418359884
1137,152301.1881612824
53,174991.06993143918
2354,251518.7578757839
1475,200481.29006428013
1761,778220.2723884812
842,147022.49087069952
2739,163349.9136585813
2509,172844.34162747688
1007,209655.067474222
2610,176412.67032109894
1952,99147.09161511924
2719,188233.98386763563
2921,89356.25197089907
1966,133824.5774227555
292,128454.61781809734
1204,178167.01499799633
1829,241484.0322536103
2419,182153.24634183283
391,153407.75065731863
798,111535.4036345935
481,187760.78395055496
193,187480.17469838413
555,126940.49761360396
899,78037.06133488963
2357,170662.49560209355
328,108606.38364817358
1356,120977.11631370557
1154,119389.52856714469
1730,175745.28237697174
2249,144225.6624311487
1119,254124.84160631333
2856,131973.51997841036
1394,140852.33985615807
2587,117026.69602769136
61,337203.76348574006
2661,174012.57098769603
2711,132635.37888338853
1147,164563.485200244
757,124297.59158348913
2623,100509.23112815274
2378,146496.9156952893
1413,134047.9431082034
1722,234494.65687453176
1112,206821.8472850783
1623,185586.14725639072
1201,181498.5198878383
1513,122678.55806443066
957,246185.32348638252
1171,266830.4821900999
1145,185900.13207106024
2726,244564.5393066656
703,154333.32970233687
760,90015.35794990514
1964,140033.79491201582
2512,180540.27862039182
159,149583.67900211902
1281,166842.50539363097
468,182641.14007717118
290,120828.90166816895
665,98750.37134678308
1463,267195.53408042726
1792,226404.51481062046
923,165475.89700492166
500,289655.2808953959
1408,154569.01999547918
331,81986.00612233029
170,121112.22356216366
2192,101353.76222196437
2571,308292.6669726799
2314,168501.67087449267
2647,94179.21242154231
422,475035.47427727655
2457,354467.42137929384
1838,216944.34782591634
2805,246468.38174362163
1645,153937.09142105872
1711,314206.55025356176
2825,249076.74716922673
322,348391.91836209904
2103,270090.54696866934
342,119195.47968226328
600,117901.6675979123
488,190507.32873149923
1725,332220.8670224065
2246,269452.62428399205
2847,169923.5224812351
806,233474.63309396166
530,240514.1288866412
963,182875.72742142956
2678,100050.15427589077
171,89526.93082012337
2401,438607.8547738537
805,228685.75450156216
2259,227425.1360672094
1748,174146.28978503184
1361,129880.60411145499
1677,112130.3670880265
1406,144203.68846512664
2322,228853.8624480796
688,160942.48423091343
143,143647.81987126218
804,198667.9814953761
1214,151184.03520649433
2828,137539.0595647324
1999,169730.9719876288
2467,196902.71445787404
2665,143155.54527393257
1538,432420.64188313705
398,117201.41380112042
2822,128812.79981799738
2157,148635.87083732
1856,177540.35567687947
1269,101108.19062725893
2570,117814.83381805834
2320,240002.561090467
1517,109559.14606365973
2304,123851.6190388395
1312,105896.27193868234
2012,135645.00761314112
506,216215.135360095
2865,193255.35923077876
2367,102173.04196543731
554,93311.58279779323
238,120984.51572642171
1954,117754.54997718599
2488,125552.86464106444
2291,93828.14206026787
1969,100682.031389955
2725,157994.96361097207
1482,155553.70115832504
2763,198126.23481859962
503,242937.83364849686
1584,234500.74670838873
1531,161611.42102087228
2210,172694.44488963395
459,338173.48934798647
556,132994.11180721124
1347,127522.29387153305
1290,92753.96856599028
1388,115273.05915064272
1571,198612.01376569574
2754,207440.38554216365
765,125560.74803584472
2494,125102.44710081533
2870,229068.79640848105
7,213361.34091691262
1114,223852.95851771915
2418,283220.3929154858
291,127982.218740775
18,350787.554916561
39,349185.45610550523
1001,252885.23578604942
2442,244988.13051984026
616,133247.16704529943
2680,84579.93290549165
1414,113888.42830113375
289,135153.07512695942
40,254198.2629124823
860,123514.89547674291
409,123367.52909780885
673,146936.36594537616
2427,172680.50606973688
2036,216338.90821265872
2564,147028.6489834219
642,177205.08182985242
1008,173330.24933943714
1908,140083.67374064698
2519,201276.54567457974
1369,89679.13690475779
2855,165875.22469267086
712,93723.5790044159
1943,116468.34640621908
1958,129455.70348032021
107,155626.03747447548
2295,179947.78180511866
704,97359.67169388787
676,131114.32276558984
259,179552.89635384825
93,286800.5839113557
106,242210.06824240982
2315,185374.22051641814
1050,116895.69351144132
1095,188187.04833881752
2709,143185.04392797055
758,121490.67430997947
1496,149022.62315261344
2370,112080.81966571067
2458,236698.79621475912
2733,135825.46263293517
161,311249.52391951805
726,149490.59318172358
845,199645.6230994882
947,266548.3342938349
2232,105897.37079896867
2563,140342.48987352836
2299,135407.76018584616
211,91000.95280781153
605,171993.38260049504
1478,197018.08779150294
2247,275454.95674286195
2274,200427.9442349664
2869,210371.92533619207
967,222155.322202037
2656,119592.13810082301
667,209944.2795082688
1042,109075.81744471971
2023,161863.0928653264
2447,409892.6576589851
2055,126429.30354255928
2275,279274.47365846415
2204,182357.48684457593
1563,277278.8777856911
483,217015.60376626934
796,130178.12883193258
1526,157729.3107475392
2042,134262.64666177233
442,338527.7713233168
1693,328781.07454873185
1468,224452.82291235335
1430,199260.03914944234
2605,134355.52144839888
1529,207019.81430096694
335,133871.1277067825
1287,121560.64978467059
31,99285.70989845779
1785,268619.3447601437
82,151547.2387021065
2620,126946.26027390492
252,194879.73864981477
721,85722.95642782372
2165,187868.302825152
2316,166639.49016649256
775,130181.56381218776
1558,104263.71851830593
17,193402.70903879465
1022,225650.0307636424
925,137042.69680033362
438,293154.4548591195
1270,120402.75952501938
1272,121751.8755516056
215,129587.0099368851
266,221998.3643723739
2402,269684.47312528663
1250,123426.62497223064
1984,111448.45216978918
1279,147775.88125689034
377,256314.76580255982
1252,100236.36929566834
2156,252792.96057645485
499,322085.02844936086
1374,122899.4383326235
2898,245498.29723772692
401,120574.54858014155
2721,154237.59488465535
2078,259590.12220328575
2589,122948.52741393574
1946,229507.59486663007
1334,123814.32718190693
2781,245930.91410072555
431,392326.5828060245
576,196718.93531696993
1474,196630.54937195088
2254,139998.6714528141
2155,278238.4996855119
885,107366.66827032442
643,130721.23367468569
1944,131754.12431474874
480,203520.54587449733
2845,98489.2996683425
2387,315971.2564472299
2407,215969.62985964149
2527,152614.18196988117
2514,162386.47693790105
629,132458.64363342483
80,186730.67689069308
1876,139484.5965045492
1546,123772.92180907965
2518,162581.2090043758
2347,152762.43294605345
783,210307.36500092168
1322,64530.9744022931
194,87003.44419068738
1770,293909.21118147054
2143,148104.56699882328
1229,204998.07230047171
511,265456.4522833047
46,219328.31388725893
1348,140016.4744860272
2465,191804.10683766825
387,236433.97989983344
873,203705.41620866067
1918,118612.97482631897
2764,220821.76962049393
2184,122293.57538842947
934,139964.195542719
1920,126544.21673579856
2631,154553.29886505657
1768,793875.3848477245
2040,120435.5559845153
1749,219324.55253337423
834,241436.22579266745
1457,247284.32722454204
79,123706.91021082166
2302,119666.21284842597
1817,133036.86381656298
2755,236785.281435847
359,168930.68278722806
2059,119388.75451102841
2092,222809.23979957696
2516,242311.06376017598
150,114868.8339735464
1656,139522.89036690933
83,92564.54551615418
2411,184981.57249942905
795,91211.69446544303
2312,233573.1613791228
2917,92042.68933198652
1624,176425.92581778238
2215,334156.87708722777
1211,150524.25242266114
1485,154306.5325169578
1024,159741.45194002512
570,195573.14397843747
2874,127961.92853781064
700,142459.83504849012
2756,219365.17684564914
2022,174625.31018560752
583,231702.45125359716
2392,343165.79323922703
2424,193509.16654300797
212,104647.4687337872
736,134535.93253006844
1610,167769.85455142552
890,112314.96339245705
467,176052.0706573112
578,239083.94130548526
1747,171076.14361992507
1149,161816.4024293841
2758,229154.36451858238
857,132142.09509613147
2219,261008.96591240988
733,82343.59046493327
2909,107147.45152384622
1798,274451.97903704457
235,116937.26646089724
2366,119669.89299610675
1027,128922.25438117277
1195,139769.61844011408
1303,65811.85882908353
148,182443.66406625975
608,158972.5203841708
2515,198365.66831085226
821,278516.01950127643
2500,276219.472412169
745,117323.54513662255
741,128086.94018619
1611,98102.8600642355
2532,121990.79876472322
1081,215970.1868367254
1692,455392.1850193289
2520,173779.00747520447
276,102921.87233532059
1992,127118.6474586842
663,69553.50001616194
418,124305.76350488845
1733,193660.0921743229
2359,141596.2223799255
253,188348.01625353537
1518,179902.99421655535
2035,138675.93396560856
2919,85051.68993864101
1540,265113.8726082494
2120,141763.84577251007
1674,197990.11895402556
256,149943.68355210652
2361,112288.28720481333
978,82495.21933323496
2280,150304.91552861198
2095,205800.3588288569
1709,325867.456463852
2801,240594.71854806543
1246,118119.87864702678
2373,106459.07537302197
1055,268449.4939951632
2017,119473.80856571154
1099,266491.730432389
1344,92119.52076421048
835,182181.68602736873
1117,208978.60511376298
2043,94111.66451436671
2085,135335.1629231149
410,146440.94124316395
2650,104247.33923706858
2867,178363.63446357936
1668,121740.83609036858
1161,175098.70236948231
2122,175330.66317834044
2539,135114.5538894912
1047,130556.07811427004
1445,124476.22222577954
541,129872.60599164845
569,235431.65132505368
1276,124380.4983173595
918,153796.06623455347
326,176724.18474851194
1936,134613.0145254756
895,101039.00751855224
257,142229.03929922532
1241,180399.80721840693
1545,114837.92989967878
1189,174355.5956561292
270,149367.76028302728
2066,170839.6965481586
693,112749.29793023803
1259,156986.00677104265
2916,144543.76681641545
2321,290593.46394751634
1977,94166.5574904239
1895,152385.41476586394
1240,156178.13344693393
85,141673.41937398363
1823,118198.07553256712
825,292297.07077472063
110,225192.1262339338
697,118672.47623755323
2297,109464.36461222099
1231,133815.81067480298
1355,139808.02905994726
968,336043.5926839681
584,223146.5529087297
1315,120510.80449438388
1606,140169.63050105853
206,97937.20782889437
1685,333760.060780552
2016,138421.58229836536
869,215697.62696158647
2135,121671.13420955556
2346,165635.98698127287
2430,218906.18796968614
2198,78892.08357228263
2652,111111.53074142266
27,118830.43842522588
241,167426.2664326888
906,126775.77400187502
1506,118256.79328516325
2098,360069.33192352625
1435,211629.18412179057
2213,122665.12470554144
1274,134223.34553959186
743,46587.967875331924
1737,193802.20600573655
2797,273713.02335030335
2185,79781.72126131358
58,170274.51283765453
830,189545.14735304663
808,118393.18024981202
680,155417.2409438576
1153,105795.96880618847
1291,128024.74663131687
1818,151117.73069050076
2161,183187.3194646529
1883,129882.96613821675
350,368837.9304708071
2473,139463.6663228503
295,202387.76509831595
293,183993.84847655578
859,124925.30766328567
288,76146.92858081794
1578,150234.30823719467
102,179905.49104132032
2831,149359.32112953893
1030,166840.27814105016
2551,137796.2233700979
1286,140632.8231750532
958,308764.6410794715
776,127298.12368151822
72,206275.53499661526
2263,257944.43561331747
1866,147394.2922040472
2876,83120.74849231089
2146,273961.3866411791
103,177488.3760446378
1500,139520.47121896053
492,179144.07657641216
167,137379.24386072747
2597,127001.55760467828
2685,110647.73752131026
1035,143754.95220866526
1220,76383.75883171037
2602,145969.06342602413
2159,216723.20100550246
695,124795.01596177909
1109,262810.4579368879
640,162339.88217002485
1652,142825.59001659736
2090,172285.8229335377
1188,181765.84167881488
2345,231638.8640966975
1059,441638.490737063
2751,237093.88689164777
128,208087.48242104068
1523,162390.6943693217
2925,161637.7753610763
2145,294543.7778574004
1121,218537.98152434765
566,304009.70397172734
565,232830.45752981506
1331,140621.05659456283
2928,123052.19412953829
156,138851.82909919295
797,141401.9021995517
327,91762.04756441862
2859,148720.6435157043
1453,119009.11305157556
1762,361080.7233221413
1868,188024.88048125381
1760,189784.61842011256
1113,249762.11581596095
1812,183848.710866955
117,151350.27368572383
1142,204792.7776492002
2342,381220.4662839628
927,143149.1933739383
2478,184305.2500404985
655,94862.94798951932
2064,129773.56076307026
369,232992.68645226513
2239,110913.59159545787
2732,219202.43125911633
1653,156448.94928122248
959,211113.6089351022
2395,337900.13825652294
1412,100591.10242706529
271,246530.0417165276
1484,155807.46693755608
1497,149035.70964832822
552,155453.36716049767
2,117357.56984481945
1855,291716.14392019657
4,270021.2830503928
2292,156997.14694332654
134,140668.83741854195
646,115120.14447418337
42,327895.3479940654
532,219482.48127038794
713,103301.47105746587
2561,128089.0056726017
2360,136049.87441579078
1333,133787.04499851927
1407,193593.97851349396
2892,289607.4893213934
574,218151.2048246893
1227,178360.52021096848
2591,223235.32095199096
1476,202064.37348538492
1125,257198.40553741128
1446,127194.53196646235
408,105731.95219508477
1101,282909.39606749173
2251,196142.8143474431
373,182709.49310039426
2554,128877.2622012418
2382,271196.0315950633
1985,83092.72518602452
519,212406.62885227747
1093,187965.05120072718
864,264463.7045490965
2889,140175.14951146525
2308,187209.61761370677
986,152523.86503918027
1302,146722.24679950523
585,155895.73239065963
2708,144822.51272832596
147,128542.89245796633
1441,218303.0710170398
383,187099.0221940725
285,149435.4580816565
181,104682.49587845585
358,178304.9187448669
780,186923.66348013075
258,191086.64653365075
1865,221425.35631781002
692,120780.9966468991
2902,341978.2188392455
508,269418.5607025546
2638,134443.07520845113
36,140973.02405491666
611,169260.15272723342
2281,123448.02513455687
1678,123264.41760948293
1696,491999.5745420032
1557,84123.37324164312
2180,147207.98276170576
1726,224512.70702539093
951,144019.5753786891
267,237161.16893342373
2706,146655.86306060693
2221,246325.98352797327
1357,146846.12467341466
2901,319478.7866793911
347,174552.7529936336
2164,184786.07305814524
1586,315526.44853576407
360,169327.65616109877
1769,223010.89021568955
2617,163108.80063043602
1879,159243.52531683104
991,213854.50776655762
1535,130080.94369460766
1191,156838.78812178262
1579,208119.21386072141
1882,137154.37972860757
1510,123944.12049254442
2196,114595.75363413437
1845,185786.63488429904
2336,398404.29884648515
942,95496.85410247183
861,126150.22070870937
2555,112423.42321865857
1392,162413.25182989603
2099,270430.76144800754
1543,121790.96113895556
948,276053.0369495311
1239,154236.95869227045
22,170594.60868078982
2796,239893.84533786902
2747,166655.45017337115
92,287925.9739013514
210,176094.61818970647
1858,203391.2256497896
2228,147249.44733305008
447,222591.72452033445
827,230946.89092046555
1649,212831.36666746016
682,128854.93683665807
2698,106442.19767532524
494,164777.2358579053
214,108950.31871653294
2441,248997.53495269027
2679,95490.14629368784
1336,121146.74232809071
465,186773.8777433576
1524,144805.99707852193
2543,114562.18011491219
631,130723.0228258316
2452,310114.3160262525
228,156702.39178958113
126,156224.5611045473
1092,217986.65872700166
1122,203746.02073750386
932,249984.50331782404
1980,91901.61680210613
2171,107824.89785911229
551,145360.584458678
2768,172358.35219313364
2056,119201.02867237307
1159,369096.5108570194
2645,113650.26694013964
1174,178397.8894650488
2266,222833.66375261443
2462,384720.066400591
1219,148498.23639007038
2922,179920.36994417058
118,141785.05076556845
474,181563.07298202108
2576,149412.9718852759
872,272207.16444033105
1077,226696.475545665
1536,135061.31055864654
1150,123495.80799441652
2341,299948.2005399977
1931,153364.51422846902
2785,126412.15642536258
2538,127478.89186378379
597,201564.5888686175
464,199060.48355705378
233,228573.01359223932
2169,128843.46841946842
2123,166402.38849640742
1867,151803.46531850623
137,266639.32676382357
515,227555.92590311976
933,121093.80752419271
2784,156510.47768510733
972,162469.55258166615
599,148164.48723562266
2614,133654.9007691782
2582,144065.3740683022
1409,144150.613295076
175,100968.9245271865
352,218021.43730346762
976,92350.02835370103
2134,195543.62295303235
984,116727.94544076432
2396,375863.09608779143
1673,149717.2066709003
404,108053.01314480581
607,167711.50134475064
814,157279.409681241
868,198197.86795045136
2271,197290.6243994187
1633,232553.74945653693
337,179510.9773063406
2765,175891.5292219477
1746,227981.51182147712
368,348227.630731838
2806,195359.9468533516
1662,179045.17528974774
1234,216636.94392394144
1373,139399.03126343875
1672,114748.98295771133
1939,130135.57156056656
