Id,SalePrice
2658,159186.4932394569
2718,184888.4461408269
2414,197510.53960575617
1989,97273.01715036691
625,167191.99427865574
333,91238.72111420264
1327,98593.82383149781
858,147570.73789275147
95,221001.83239908004
1568,169862.6699597158
2482,156560.82417472056
1364,121689.80407612736
2584,162496.1709635785
818,264011.22697766474
2673,166702.10137946415
2089,127322.58949803503
1297,148966.45799681486
790,110431.51031816436
2616,186675.0035629496
720,181010.03231362684
222,132628.69345269818
557,119269.58352602553
1148,178803.37905890297
2766,164945.19128276908
534,182831.67097704485
1452,123887.88886510907
630,128687.60487382894
2648,119404.91676073032
125,148980.579879064
1904,52095.76695452945
1670,102394.89692790364
756,89150.51939625444
717,202024.03866380057
1032,135887.7113968517
852,208733.96794907073
1731,195475.14623168414
2639,106683.67920669552
2071,91458.85830897035
1267,117502.31085089967
1851,201711.14802075108
567,178942.12355684943
2439,215130.65729016624
1898,142290.15940085787
647,140948.98091628123
2256,228380.09699863754
979,103919.23149041377
1444,224481.48510636482
2485,112758.86114232498
157,120120.99063198024
88,129514.03009988891
2003,112950.33585201995
186,212453.6075410582
1425,237452.6913773464
2695,124464.41634338081
738,116922.86497667816
395,149932.90075896832
1353,193004.03261647746
1878,142792.0493843885
390,176865.30169389618
1456,228304.28006864432
1103,298924.63940904755
1387,117297.05678540166
2070,134755.19217748044
1199,200780.12189105677
2479,177644.81655305915
501,300343.00652435934
2362,102394.89692790364
1718,247278.2529374105
2188,47023.4576021696
1483,155787.05673063826
2557,76904.45592032128
437,352692.1124188928
2224,202434.93783162115
1628,190094.81695434358
397,132357.38180093176
587,182359.40802017238
2182,424834.6995486566
971,169589.69330035045
2611,156767.0356224312
1887,118454.63173080387
2399,331507.8544342811
2148,207375.07022908865
304,123643.80102672137
1997,121023.3458815125
2817,93578.24926802737
1431,213882.34037308977
427,327497.68702885695
263,124530.64466744766
598,162354.68562057125
2895,256640.3792223665
687,166471.6445682695
1822,126909.26703878317
2191,82167.78140083805
179,138239.94457119785
1009,281028.270294145
2010,130123.3898491374
1991,154687.58302978892
1411,133784.9711364644
1721,300541.5895941919
1144,185286.603962188
593,232451.12110249815
575,255906.26225818135
1249,185950.8513371331
1604,133976.62094320415
1064,387736.0243679094
1923,154524.38048934063
1988,100800.56903236813
2325,172787.11291394813
114,195799.91437032307
2700,196790.09136030346
217,147302.4446147664
343,173830.00172072358
386,249436.72029336845
2005,110395.39944310952
2908,154590.76457070466
1814,193936.92780278984
2446,423880.9775701538
208,133080.5183098493
1679,97525.20485599851
822,263163.8774198694
6,180347.50389959896
1781,296582.06400433043
2397,322823.7907419277
2340,333685.84484410076
1618,172761.3833703699
2843,128008.5101430642
1061,361429.7390947745
2786,123887.88886510907
1935,122751.48323666432
1341,119251.80281196965
521,253550.21115041873
2136,134146.25215894717
996,182168.64533955813
227,152982.62719341833
135,154170.2828694986
1167,192263.28583902773
294,245039.98543636594
1776,205569.7867311535
540,176035.0784807637
1717,247278.2529374105
2303,127836.70096923667
116,166030.7083522412
127,123093.76803290285
1371,136903.39001719852
1014,152403.9203228869
1507,112362.49647731788
702,162259.23816737416
750,154351.26827556593
261,173890.93988586136
1559,70862.53122169408
577,240326.4904106639
2812,222172.37040284998
2080,161093.95261336793
1368,128044.85318812006
2376,122688.211325904
659,88254.61278585088
1235,128389.51322710142
332,90421.35964130459
1917,140208.06340404076
2094,224981.5312210042
1460,269709.42028493294
1471,187474.41595119133
1509,115328.28370314615
1922,125731.18718246755
433,400297.59595346055
460,315788.17071693693
1116,235639.397571238
1137,155948.00570870307
53,179985.12162465637
2354,255583.6966265277
1475,207442.54993259185
1761,469764.63132205396
842,139627.8009915424
2739,141149.8495564866
2509,196932.22966313665
1007,213978.00119612413
2610,184994.7279417984
1952,79028.9466623161
2719,183924.31243731908
2921,90421.35964130459
1966,135964.90469601983
292,131832.11281094654
1204,216051.4786083987
1829,260337.11922206683
2419,197296.2876716433
391,165187.6173357648
798,135252.56362825073
481,195909.55651171156
193,196290.7291310873
555,125891.5703517471
899,50464.70986490254
2357,202502.1476721326
328,103452.03530761611
1356,117866.02560101938
1154,120086.94499892369
1730,176780.71103135706
2249,150613.73574131134
1119,252297.48544851178
2856,124335.3990133683
1394,157519.4601769701
2587,129134.57234798721
61,324045.6786837785
2661,192164.5009358006
2711,143923.42661795917
1147,183784.7365270265
757,138267.37273383525
2623,101379.98262321926
2378,146193.30629769864
1413,145241.4133853888
1722,290686.00062500103
1112,216100.9174054528
1623,186648.1128241513
1201,193361.74667160388
1513,91178.0292138023
957,248045.31698435172
1171,251726.96581408824
1145,204500.6483814509
2726,228906.25397623633
703,168579.47422529478
760,73588.33696983091
1964,126917.58312826126
2512,206746.06847240287
159,144959.75371405575
1281,188724.3136569966
468,180851.49777950102
290,111393.93408029934
665,82922.4916009279
1463,271564.3015766437
1792,237727.3999798568
923,167383.96952341287
500,296533.1743330732
1408,129909.22804642317
331,66492.62272416905
170,115116.14174714056
2192,76188.8094113887
2571,280179.3509111393
2314,173443.78543626168
2647,91448.56866576674
422,385868.37630361365
2457,263424.6693024046
1838,204250.53527472494
2805,253327.15763347363
1645,165739.26778739295
1711,343237.193877978
2825,237649.03340239124
322,304011.2390193755
2103,239380.95878436207
342,136906.98155706853
600,99827.67623397999
488,191663.21014402655
1725,337501.00217763917
2246,264072.6297088333
2847,151385.6596440964
806,240563.40696489322
530,242768.22684331052
963,204343.28016546415
2678,81089.42499471328
171,81494.60870777024
2401,382694.2435554743
805,212515.27277890593
2259,238521.96479095216
1748,190158.49414241628
1361,157110.3419488545
1677,113930.3484845875
1406,132189.76463991054
2322,225631.10595806688
688,189668.62422872777
143,140776.4791420931
804,206944.72249197192
1214,165243.90373986354
2828,152262.77729763952
1999,175912.58747031423
2467,216248.6435850442
2665,177932.76793364272
1538,332648.05340935267
398,102307.59409262403
2822,123442.42903679679
2157,155378.37599418918
1856,183246.26520340447
1269,123667.96036844561
2570,129587.72199649876
2320,233116.96088102297
1517,132613.03210902272
2304,139569.09825828613
1312,90497.94640492159
2012,147619.61628006736
506,269255.6989972389
2865,233038.81928069377
2367,101557.29928957066
554,98850.28471967683
238,116415.56399005663
1954,119593.37110487116
2488,187801.62433210853
2291,92873.44405999873
1969,121575.20149541507
2725,147917.76940544543
1482,155787.05673063826
2763,215939.24118180084
503,280966.1692581405
1584,251330.03882221272
1531,189616.95887472003
2210,203784.7245630701
459,338713.12766701146
556,132021.78139848262
1347,147300.84376571607
1290,88365.94654565002
1388,126058.16571413353
1571,195297.7870310758
2754,200171.9008927301
765,125835.04406016099
2494,129474.38383633562
2870,219109.79099531844
7,292233.0480560856
1114,216355.76955210068
2418,263346.3067227106
291,179572.20307925972
18,343335.1921873519
39,342121.33548103995
1001,309023.991443994
2442,237232.34635554068
616,130815.90611957374
2680,87734.84431825543
1414,105473.98807570199
289,130310.42224400863
40,301232.00196825666
860,125494.7783709555
409,119518.9405006495
673,140347.97527386737
2427,179415.75193762267
2036,200434.65550069325
2564,157501.02658979106
642,170751.9267861147
1008,183110.8520149181
1908,167376.43869075854
2519,180890.7475882531
1369,81647.36409525108
2855,218728.34242309863
712,87845.9320494018
1943,94960.439324187
1958,144350.1323711184
107,156948.09395114274
2295,171448.78238480387
704,111027.03733689245
676,135043.13600820315
259,198006.50057447213
93,308202.84838303155
106,248044.082721635
2315,188742.9755935534
1050,121851.0267212292
1095,196371.80023168877
2709,132434.26465036208
758,161793.18859494524
1496,157872.56857081444
2370,113521.66774813842
2458,240426.32623702567
2733,106953.78508835856
161,273348.87516874983
726,141258.88950324198
845,204649.26448095194
947,260023.29723657388
2232,110862.12036228587
2563,165875.52520457876
2299,134999.4163364392
211,130066.46571481542
605,165931.25826857565
1478,217045.194653098
2247,264072.6297088333
2274,183017.9470831406
2869,194364.09788259724
967,262396.79933179426
2656,81438.79843351385
667,231241.5097547928
1042,101148.61855312157
2023,168906.72625489545
2447,364895.36593300826
2055,143615.96543676464
2275,270553.2434970387
2204,197771.29914359318
1563,264380.0908900276
483,268416.7622482586
796,122770.14117544936
1526,190471.86271480005
2042,166401.70907474274
442,334642.3409188674
1693,353890.32118829014
1468,228155.40394166345
1430,198802.90328440012
2605,156554.5532027929
1529,224916.8729177739
335,139179.83537630143
1287,126504.89471410762
31,86685.6590515232
1785,224691.77185072494
82,170651.69135807035
2620,129324.85954167799
252,197755.66022215877
721,64140.20204462996
2165,182421.7762641342
2316,174957.46569502656
775,127530.50109028595
1558,58921.239738664124
17,223544.80216850713
1022,210048.6219378088
925,155194.8296488754
438,309272.35590929026
1270,152340.17717238492
1272,127447.30655174167
215,123999.69911491184
266,227602.0548709759
2402,318879.95309261675
1250,118934.59468618652
1984,92046.92174014018
1279,154635.37515592482
377,258181.92099789367
1252,164879.8217297881
2156,257990.93971585832
499,331383.80742714345
1374,135756.86824817013
2898,283865.4415220625
401,102716.27482907288
2721,167930.5021132197
2078,235624.29861548822
2589,126139.86791891651
1946,226699.1097522045
1334,134720.24089968833
2781,211358.55414195312
431,366084.7661989087
576,180817.36147294822
1474,221228.0598311189
2254,169387.46346874512
2155,257926.51785770804
885,92912.27309579414
643,145730.95711924834
1944,114957.01718512399
480,201942.35051862267
2845,78257.6836032786
2387,344161.6813179322
2407,270491.801885884
2527,166270.68982993253
2514,188455.36154570442
629,169128.27199384454
80,205284.27000259748
1876,139506.9881537623
1546,130498.1642992734
2518,190517.8681922478
2347,154356.0818394625
783,170836.16552189074
1322,36742.431540863705
194,63213.15848488768
1770,299425.5754435966
2143,123887.88886510907
1229,210505.5787701835
511,243084.65228165942
46,271590.8949963979
1348,175414.06078407844
2465,214608.0142274464
387,246879.61380398925
873,203082.0212386588
1918,123977.52544601145
2764,233713.25148508418
2184,107786.0172302128
934,132430.16942379752
1920,127365.91012826364
2631,165954.13924570498
1768,460377.19248464215
2040,84829.63696587458
1749,221492.83950641984
834,235320.30055695912
1457,244567.60392944398
79,128793.27167895902
2302,127428.02023278759
1817,115776.51273262245
2755,216903.37488530856
359,173999.2384033203
2059,123897.92713759979
2092,230786.1565738276
2516,233455.12807018496
150,125342.32957779511
1656,157927.82717052498
83,88114.80703690508
2411,167782.12979861756
795,74540.72126630868
2312,233469.02078859112
2917,85353.65328688256
1624,196476.82230237382
2215,318687.93784026615
1211,154190.10600127548
1485,155787.05673063826
1024,158559.72409824142
570,180247.45829330315
2874,135221.41577698814
700,153216.5438444051
2756,211098.74953248515
2022,182144.5503149057
583,224093.93644580338
2392,361054.798210077
2424,193576.20272084698
212,104027.164191382
736,128365.52031993866
1610,183819.7276834494
890,98639.70981788228
467,176780.71103135706
578,298615.78326194244
1747,176499.93334272248
1149,156414.05194411066
2758,210060.27576469118
857,126339.97328380332
2219,292856.66305969376
733,108908.09384784498
2909,124315.8693400399
1798,256441.65831196075
235,92481.79514550802
2366,102125.71502762288
1027,141216.17630972306
1195,123209.92444121127
1303,8817.783031493891
148,175519.98626910686
608,142458.85865961562
2515,218890.9490133319
821,238664.8168667187
2500,318078.26048399904
745,109457.78713448008
741,143091.5382747664
1611,134430.52851774602
2532,126973.25000816095
1081,195363.60430905467
1692,379655.07021434116
2520,170231.71386613906
276,141356.64270311745
1992,125086.12232148333
663,16649.791450216202
418,132662.64854581945
1733,191222.89345219743
2359,151957.56040429662
253,197950.0890244951
1518,163275.6880383778
2035,144537.57239546662
2919,90421.35964130459
1540,250217.87560319714
2120,141341.8164644451
1674,179668.77220261097
256,169190.5837014725
2361,102307.59409262403
978,65675.261251271
2280,159255.50060207094
2095,216397.5371365156
1709,348680.79506607866
2801,239913.53077429137
1246,113412.78473427147
2373,101148.61855312157
1055,302450.0338694309
2017,123004.39931860834
1099,308853.6144935433
1344,101025.32459403505
835,205404.11302936357
1117,209138.68349576695
2043,93277.72041389917
2085,122180.94835663901
410,151121.10078229406
2650,121578.73266447394
2867,203083.19476844883
1668,127001.08344811061
1161,198787.11095484742
2122,170963.10030452732
2539,135596.89035620284
1047,125873.11240872997
1445,129077.59185554378
541,136678.29440954048
569,205422.06055156235
1276,133411.47090775985
918,187165.82840500737
326,162656.8480553166
1936,119531.79781317001
895,81427.25273684226
257,139106.08787623513
1241,174575.67569737567
1545,115617.36380566284
1189,159033.78064182214
270,155787.05673063826
2066,198391.41384711326
693,105993.66926092084
1259,121931.81270512077
2916,151253.433698297
2321,235452.95507550612
1977,85509.98712194886
1895,166529.4153445406
1240,158024.7137871585
85,134856.411732735
1823,113303.31527363602
825,249397.2367041374
110,210114.6300228783
697,110064.45600906492
2297,121861.27246128395
1231,133305.4948880932
1355,142905.11978060333
968,293552.5405113995
584,223270.66856110375
1315,120554.7904724211
1606,127428.02023278759
206,98953.37236560951
1685,334253.48331419495
2016,134586.83671738429
869,228980.77572273463
2135,126312.13984385354
2346,178003.087118982
2430,198999.98077717132
2198,120974.5411068413
2652,107741.21500712086
27,103271.72779613174
241,161396.31793738517
906,113374.81052186177
1506,96528.12818006473
2098,302015.9096606176
1435,203135.58422218706
2213,161188.3826695456
1274,157098.12245083263
743,35702.43614954408
1737,189563.39491180424
2797,266267.4726191526
2185,90167.19573657145
58,191523.29827419994
830,197259.67665043008
808,149011.29206369177
680,167336.79242720513
1153,116933.18690325203
1291,139820.69925615343
1818,174171.9776019759
2161,210329.04463131353
1883,128665.33845291566
350,356877.66276283446
2473,157675.93790158082
295,211718.09926842526
293,188439.0261447027
859,123887.88886510907
288,30649.803197582485
1578,188875.92584103812
102,190690.1361849329
2831,185973.717068661
1030,171039.89926031453
2551,138467.36443857825
1286,120092.546752444
958,282284.49083869834
776,127637.62705734244
72,190376.7685919368
2263,259981.51261020452
1866,148789.3340679591
2876,60961.38957714802
2146,265083.18056973023
103,204817.8010653872
1500,152262.77729763952
492,184559.15646655113
167,134557.2666410188
2597,102711.11720397847
2685,108889.50121073914
1035,151432.66429775825
1220,58589.72091812536
2602,147265.95396657474
2159,232904.79024026892
695,155145.1503446357
1109,284092.64543455327
640,166140.55773986806
1652,149789.31151958974
2090,186105.66405414487
1188,183625.0964930728
2345,234995.05554198008
1059,384174.1839624876
2751,230936.87656969996
128,200169.81756670598
1523,164706.8219262747
2925,140290.74131041905
2145,256848.39782636054
1121,225408.86771734967
566,291972.7855739598
565,262941.17335271183
1331,153341.89126043126
2928,139763.52706062235
156,127338.07668831386
797,144192.82541305013
327,91647.4018506516
2859,177895.12748553557
1453,119388.59824873938
1762,327707.7846954735
1868,197975.02361581323
1760,182898.70397717657
1113,235819.90965359937
1812,189676.66471512977
117,179762.65526723978
1142,182532.96477410104
2342,349004.8581331691
927,156308.24475667672
2478,192221.95838090568
655,60611.89191250538
2064,123884.01041762484
369,284473.4718036868
2239,115965.55501370318
2732,216477.9431786323
1653,160008.02854987443
959,247601.6030544045
2395,343197.5476144245
1412,102593.06324503873
271,238656.80655854545
1484,155787.05673063826
1497,116119.77223810903
552,188093.4008564906
2,120021.87497309688
1855,273233.98542876216
4,227264.8862027116
2292,157830.82179764484
134,137086.53969044832
646,103729.7637233662
42,327524.3705214169
532,213790.65275454824
713,102293.06693306251
2561,130894.140496245
2360,134003.91757033137
1333,127512.72037622996
1407,213396.95379302744
2892,283724.57570325444
574,241797.0367806109
1227,178223.86498909595
2591,212427.53448808473
1476,206960.48308083788
1125,256983.19455904444
1446,132412.41355426772
408,98342.56632889656
1101,310026.09371936205
2251,166453.91347401775
373,189359.39357594424
2554,122174.1032414576
2382,303152.2590670993
1985,70871.56497715786
519,223119.57614561147
1093,191234.70627580083
864,266295.3060591025
2889,155132.84948945767
2308,166647.40018621902
986,161168.89734013006
1302,132933.53650078538
585,166780.59012163617
2708,150692.1856742904
147,135809.03839394427
1441,209249.77465257607
383,174072.21224066452
285,135104.22259289294
181,110883.9213783344
358,171126.66042457358
780,197962.66083437263
258,217811.84170891694
1865,220383.2199134007
692,131889.57517854765
2902,283642.43460969883
508,243171.95511693927
2638,142803.04218995117
36,147010.6677705968
611,170332.38717504358
2281,111982.80251496378
1678,113930.3484845875
1696,374084.5199274074
1557,67913.99461888312
2180,150581.54772750684
1726,288222.1033827034
951,150954.93677425722
267,239558.41302137054
2706,128154.17843092559
2221,216152.96802664478
1357,166058.5508768037
2901,280000.1517297805
347,200494.04606698966
2164,194192.66986934713
1586,295358.81128240214
360,156129.02503667446
1769,278803.82678523543
2617,187232.49424228247
1879,165812.31947791565
991,208778.7965246956
1535,156145.90360504133
1191,156560.91914236988
1579,242907.88363569858
1882,142612.4912510087
1510,113381.34311174392
2196,169391.10847543832
1845,190690.1361849329
2336,391587.43003809685
942,101519.78250490851
861,118745.8424464009
2555,110948.99169342779
1392,144208.006822024
2099,239380.95878436207
1543,121878.26166873996
948,246766.55681254575
1239,148342.77653954574
22,175385.361286883
2796,217819.85201708996
2747,158447.34142181138
92,315253.3390769786
210,177977.76156654814
1858,183287.1651270477
2228,163861.735829217
447,279303.9646244603
827,216776.42578647565
1649,217975.943499984
682,142524.23446674738
2698,113076.72962795047
494,191114.6175377511
214,107432.31416005793
2441,241753.56400005845
2679,103939.24745539401
1336,106585.20915573346
465,194959.33952817868
1524,175470.42481147044
2543,117081.81729084719
631,131262.09120584815
2452,323428.6524250184
228,173855.42548299697
126,164994.9580050176
1092,270773.53352349997
1122,205730.47568173823
932,218515.64571368787
1980,66296.23282842094
2171,82902.75856045331
551,164319.44647813798
2768,185961.70395760448
2056,122919.87671411713
1159,358338.75491441856
2645,114257.58163500892
1174,204175.04526304873
2266,241175.7436500783
2462,312596.44213028415
1219,131504.1765799108
2922,193503.76882743347
118,140062.44112082105
474,179576.4408882073
2576,165376.75925049838
872,246818.20318661025
1077,289186.2370862111
1536,164864.89073780924
1150,126514.50302230904
2341,320006.5069636486
1931,130571.67883178312
2785,128393.08589328057
2538,130367.54110221483
597,222949.29065993452
464,283493.6901632645
233,217420.14985399204
2169,109769.95151712804
2123,177565.26399847225
1867,159789.56882301893
137,233277.8570778463
515,232258.06924817758
933,121878.26166873996
2784,168407.6924342072
972,174427.74166052951
599,161898.34831239574
2614,137168.8900629077
2582,129895.58845500543
1409,148952.469310557
175,82176.60834537167
352,298505.823540688
976,65675.261251271
2134,218978.414522934
984,129564.6331621143
2396,339883.5029964589
1673,167590.22141779505
404,100899.67281827587
607,142357.63910436095
814,132621.0191040591
868,221622.8238475928
2271,211844.20175578515
1633,305886.44711405504
337,215211.84382372373
2765,175039.80778066965
1746,198514.31957281718
368,333016.40554920235
2806,204087.90510209138
1662,193415.309655132
1234,200234.44870376016
1373,140716.7039654581
1672,102716.27482907288
1939,119123.11707672093
