Id,SalePrice
2658,152037.75653749937
2718,184517.78239916463
2414,194361.41751099867
1989,97240.8312973954
625,166454.0146433391
333,93666.09543048474
1327,98236.0940441466
858,147503.95751392015
95,223132.2415342345
1568,173318.07300487277
2482,156496.03223437478
1364,122271.11701987917
2584,161980.94935747783
818,262898.17014906893
2673,163101.1895199183
2089,128255.02002404747
1297,147886.87865077239
790,110548.83445103886
2616,185918.40932086413
720,180190.20601254248
222,132638.62659127696
557,119484.98451691028
1148,178618.73723777162
2766,175027.16460486094
534,181826.86878720054
1452,124014.79630174313
630,130036.27761031012
2648,119394.94576862454
125,148303.03403805871
1904,48951.14508141298
1670,102656.82841308683
756,89914.67480802292
717,200533.3640977284
1032,137469.11424013833
852,206942.71255545772
1731,192332.77850217314
2639,106042.16974721383
2071,90593.52807437477
1267,117643.93910456577
1851,204020.66976215434
567,181581.52893595735
2439,212107.21927537583
1898,142211.41348553717
647,141058.84132559295
2256,218868.91746329574
979,106350.56499956676
1444,222637.97225531784
2485,113922.45030760963
157,120184.87052898179
88,129649.39641565178
2003,111810.81109867955
186,211345.28140827361
1425,234943.49716307863
2695,125221.78908592172
738,115103.33690489503
395,149114.07792094245
1353,189939.9725811542
1878,142734.6574289736
390,177295.64282292826
1456,226471.1008973642
1103,290700.9193064737
1387,118462.8013894998
2070,134988.26322362595
1199,201223.18056008476
2479,177487.03883190302
501,292206.6574724015
2362,102656.82841308683
1718,241100.0655765728
2188,49789.90372942551
1483,154586.96521354688
2557,75656.20850767079
437,345149.03435981076
2224,199554.61507568439
1628,187315.59551879996
397,132035.36385787243
587,183440.1930882797
2182,421206.27487802214
971,173921.8532428759
2611,156086.67022360722
1887,118454.98298744962
2399,323619.61359081545
2148,205565.30481883173
304,124310.70755655039
1997,120751.20936418686
2817,96189.09377577784
1431,223157.372988082
427,320015.196125097
263,124655.41914663534
598,163409.7776575511
2895,246689.01570615685
687,166081.34728543472
1822,127076.29660877562
2191,83684.81773166684
179,137241.9996183616
1009,273385.6129555063
2010,127914.76450112404
1991,153888.2713593304
1411,133824.79781545722
1721,293194.590259157
1144,184896.29215685383
593,231613.97690605116
575,259602.57390031673
1249,185288.73800381774
1604,137874.4942876863
1064,379199.6920118021
1923,153072.37637389207
1988,100250.24902601878
2325,170503.80764110177
114,196582.88363480056
2700,196194.66529149516
217,146639.54989192204
343,172816.78008141706
386,251080.32710585848
2005,110205.68177718646
2908,157913.80264302867
1814,193102.44843827363
2446,414342.6131965382
208,133458.9543911151
1679,99380.77934411424
822,260061.82206922316
6,177924.01249389828
1781,296939.0443775117
2397,315402.8488820883
2340,324992.59457622154
1618,170386.08563910727
2843,131413.44291225646
1061,353419.18430561235
2786,124014.79630174313
1935,122875.69233785244
1341,117516.62410108675
521,254534.5110865835
2136,134147.0398180245
996,179739.11055442633
227,152925.01667953155
135,153406.45684204367
1167,195088.68011684634
294,241971.1291960742
1776,207682.34806459316
540,175121.8888709849
1717,241100.0655765728
2303,131777.96883390273
116,167050.5822059143
127,122391.72148524609
1371,137871.58707505243
1014,150237.8754928338
1507,113574.76602967735
702,161343.8339931555
750,152935.12800143927
261,173252.2968376499
1559,72696.65000763535
577,244466.94522653776
2812,220267.46186889336
2080,161498.85249333957
1368,127495.09049052373
2376,122490.35794940882
659,88229.3346591366
1235,128448.97384819959
332,92897.48525682953
1917,139697.74554231926
2094,224205.16789854667
1460,267231.3002662946
1471,186330.3075187119
1509,116553.73087853403
1922,125822.4888042491
433,391627.5007222806
460,307860.0171260353
1116,237167.65398352768
1137,155609.01385764766
53,179411.7857406917
2354,257576.32787449996
1475,205586.52167344594
1761,460050.98455949256
842,139196.0480833192
2739,141921.29761454335
2509,199119.49327808223
1007,211050.4660617346
2610,184220.69016179186
1952,78232.18317998818
2719,183556.84813182626
2921,92897.48525682953
1966,134989.95123371633
292,135434.14048597403
1204,216512.91831850295
1829,264572.3058494936
2419,194147.8765627012
391,166164.2500302646
798,136088.508947563
481,192834.80559099535
193,191258.96922036377
555,126061.97710436292
899,52378.70400845958
2357,202824.39457177662
328,105331.34059389192
1356,115696.9642398355
1154,120253.59469056549
1730,174207.9196527691
2249,154109.99608541233
1119,253770.4627136517
2856,127778.14852864982
1394,157676.98898022645
2587,128274.36289019347
61,315738.59549434565
2661,191147.6343381221
2711,143503.43629910762
1147,183583.5642856866
757,137798.78434641287
2623,101234.51254991104
2378,146261.52789881034
1413,145514.763552416
1722,283371.706637476
1112,218663.05184801924
1623,184180.69365890487
1201,194244.8847313749
1513,93497.58576582978
957,238975.3073878677
1171,252901.4717929702
1145,203769.23052637617
2726,238337.49397432152
703,166812.17295575293
760,75344.35190620006
1964,126889.85044519755
2512,209038.88204714365
159,142972.69203562243
1281,187914.8799472294
468,178265.19767042005
290,114395.10907687794
665,81875.31240642234
1463,269057.0067541298
1792,239756.26711897284
923,165104.482108835
500,288847.9493374404
1408,131224.40574721294
331,69002.11590213317
170,116038.71205098485
2192,77821.48431735195
2571,279133.2628828563
2314,171112.26210353395
2647,91389.67207383073
422,377730.6840290575
2457,264906.7604075776
1838,206390.49394750153
2805,250788.3041468548
1645,166483.87525163335
1711,335817.56939964474
2825,236187.41478155798
322,292796.63170713617
2103,236865.36569775548
342,136430.63765347644
600,100351.3409926598
488,189156.12913412706
1725,329523.81495091587
2246,258959.82933260698
2847,154231.1043616532
806,239158.73780541087
530,244849.42459618952
963,195373.36652399623
2678,80219.73231432843
171,82298.55601891573
2401,374613.12342413084
805,211734.239277762
2259,230129.2144626329
1748,187079.80841427227
1361,156058.409765776
1677,115177.90461686114
1406,132713.6012829555
2322,222388.66697503452
688,188833.03740480065
143,140748.7952299154
804,206182.17462202918
1214,164489.36929889512
2828,151522.99058235576
1999,174302.49903709756
2467,218348.78705215687
2665,176732.93412696908
1538,328942.0701173196
398,102592.83474870538
2822,124111.50218578475
2157,154202.66012671927
1856,188614.23709413433
1269,123858.18656034383
2570,129666.22587360255
2320,229388.1796583588
1517,134734.39156241796
2304,143287.27698627173
1312,91017.69091700355
2012,144822.37132512522
506,261707.03204905416
2865,230701.48374787916
2367,102845.9148526853
554,98401.37721629231
238,117407.20847064629
1954,119543.90458355099
2488,186936.77312140155
2291,95203.31577779516
1969,121519.15835530206
2725,148153.19992637704
1482,154586.96521354688
2763,214031.99755850097
503,273355.62215857056
1584,240889.8693175118
1531,187630.8920572598
2210,200864.57136870455
459,330708.8985938587
556,131826.5534067771
1347,147102.64272484218
1290,87971.9875994561
1388,126297.07800781331
1571,187371.85826625978
2754,198293.9610488736
765,126289.00227744866
2494,129563.8427961173
2870,216888.84827203583
7,284253.95516244427
1114,218455.55752630555
2418,259540.23017806176
291,182671.626966423
18,334494.8236749178
39,334082.7769568501
1001,301081.2563687117
2442,234112.54537731677
616,128351.76862394868
2680,84835.57474090008
1414,107791.03147588088
289,134078.63580503955
40,293813.6531488964
860,125616.3534139737
409,119675.67983578204
673,140321.71333332057
2427,178867.32494264108
2036,199694.65032889007
2564,156707.82049674878
642,170601.75118178653
1008,180839.32677891222
1908,166573.48092819715
2519,180864.77222052403
1369,83145.32934671687
2855,216230.2089010831
712,87845.029572309
1943,96180.0900604024
1958,144033.24437372643
107,157001.57124828768
2295,175383.44219688151
704,110116.78901983297
676,135218.6336298741
259,196804.42241259245
93,300086.4557047916
106,249692.31094192527
2315,186337.663097032
1050,121678.97096598637
1095,193272.4959148973
2709,132467.86245274672
758,160703.63989867002
1496,157781.7303505944
2370,114793.59953003353
2458,241961.7168929124
2733,108507.38720779843
161,271682.020442936
726,140895.47119726404
845,202917.6029202668
947,261681.018113403
2232,111744.37780988449
2563,164754.16416748438
2299,138776.19005265506
211,140814.04140544368
605,165797.0798450946
1478,214603.72183774982
2247,258959.82933260698
2274,175178.80735869275
2869,191603.74725071283
967,252404.4254716813
2656,81691.5754523587
667,230152.8677998121
1042,102461.60976585769
2023,165651.090894648
2447,355922.1656827653
2055,143150.95649420132
2275,259980.22423497762
2204,195388.74958747078
1563,259312.30913751328
483,261637.86852162995
796,123096.15337975591
1526,188667.11461736425
2042,165112.71152014984
442,326651.6205762079
1693,346366.28638521384
1468,226460.8355705957
1430,208841.57962808013
2605,154829.240215129
1529,221798.58551016834
335,143566.87020218256
1287,125800.21762948157
31,88554.1846453275
1785,226740.87770013756
82,170793.3535440719
2620,129980.83377000375
252,195816.68018830044
721,65001.73920682492
2165,181087.25965704082
2316,172574.8803591557
775,127235.07991784404
1558,60934.21349577035
17,220239.1165656459
1022,210276.76780703338
925,153853.55031776277
438,301896.38390227675
1270,152205.06124574854
1272,127348.75762371381
215,128111.12698163511
266,225702.14762317028
2402,311495.1181483533
1250,119117.50888803345
1984,92194.3262295922
1279,154607.74001463305
377,258227.31912711042
1252,164772.15191337478
2156,255689.8237314656
499,323052.3729735323
1374,136216.80987741344
2898,274101.07788009953
401,102977.13983553299
2721,168076.50178241835
2078,245817.01826707053
2589,126206.7938910767
1946,226892.72341546323
1334,132909.59983454645
2781,209558.5891721011
431,357482.16584930837
576,180768.61017368245
1474,219349.30441132223
2254,172405.96217388532
2155,254979.95922039112
885,94627.56866900506
643,145271.370153205
1944,115199.16972699133
480,198824.56057063013
2845,79787.69542523904
2387,336692.9500474486
2407,263752.06114998984
2527,167381.8451562064
2514,190716.79420279444
629,168268.76960332855
80,204527.23227272416
1876,139253.322390756
1546,130704.95517601108
2518,195400.20882916113
2347,155230.54175679048
783,181406.12957258546
1322,37302.05952473823
194,61675.74084119545
1770,291730.7521394555
2143,124014.79630174313
1229,209093.30573717877
511,244588.20193686278
46,264755.4291265566
1348,174743.42078739812
2465,216736.62151261908
387,248485.6673438294
873,201401.5994275707
1918,124028.60759833525
2764,232400.3726521209
2184,108737.24010944809
934,143618.63153585664
1920,127359.70915155963
2631,165151.20899840165
1768,450740.73645394074
2040,85815.30618168216
1749,218310.17210276937
834,244154.76931273274
1457,242657.4361582006
79,128981.76138700673
2302,131393.66374707513
1817,116515.73766748409
2755,214992.93182583933
359,171688.89128404472
2059,123936.83294815733
2092,230013.5503123441
2516,235128.74964793376
150,125480.96052718873
1656,159528.16867969243
83,88370.20064811432
2411,165239.19982427766
795,75001.1530383135
2312,230407.74716457212
2917,87362.0756549876
1624,193561.32515596063
2215,315051.3000506804
1211,153449.2336518109
1485,154586.96521354688
1024,159512.3122505846
570,182905.5514355091
2874,135734.8051899235
700,152580.64175071346
2756,209184.5494120419
2022,180567.12085080182
583,224413.59030496865
2392,353045.48764609185
2424,193003.80434003775
212,106958.09943094023
736,126485.00082903972
1610,187897.49072797212
890,100082.78507681901
467,174207.9196527691
578,302193.3846583442
1747,173466.5729603119
1149,156303.7081406915
2758,208634.0419874075
857,126320.62682270876
2219,289351.7841633017
733,106457.17424567055
2909,126033.86105089553
1798,257923.90277814434
235,94042.07534405065
2366,103896.96454028145
1027,142871.97471249395
1195,123056.37870261248
1303,7977.3936214414425
148,174846.4483918586
608,142264.4556220728
2515,221189.49924548215
821,236128.58080602158
2500,309952.11613623996
745,107640.01214179269
741,140908.93706534512
1611,136029.56863386487
2532,126761.17691535712
1081,194808.2939732587
1692,371537.9965284326
2520,170241.11004272755
276,140926.67282333993
1992,124915.60095652519
663,15921.528618751792
418,132291.25083922048
1733,188579.15685307758
2359,152978.09647289908
253,195987.44432683056
1518,166589.21588170528
2035,144766.8324817192
2919,92897.48525682953
1540,246924.66161560465
2120,140904.37566969858
1674,178014.64942955028
256,179212.42995127488
2361,102592.83474870538
978,68233.50572847796
2280,162308.73333809397
2095,215695.69834910997
1709,341220.08677146153
2801,238087.86572495906
1246,112696.82519232796
2373,102461.60976585769
1055,295073.6819840666
2017,120224.47284455725
1099,300619.9649749963
1344,97643.46983802156
835,215882.38429531094
1117,211216.38213880768
2043,93097.65655967139
2085,122508.91577193805
410,151172.96970965096
2650,120156.2493372471
2867,200891.30460577528
1668,126696.84015043708
1161,200945.19976591738
2122,169919.82288227102
2539,135356.2000843282
1047,125985.74623786286
1445,129118.21910572809
541,136864.7490179655
569,207996.61286045553
1276,132992.7656261035
918,184818.47264674865
326,166114.2553984035
1936,119597.63292116392
895,82056.28808136436
257,138630.02733011555
1241,173928.29093428736
1545,116195.80842070992
1189,160099.89295894117
270,154586.96521354688
2066,199288.05032007198
693,106231.79728211719
1259,121840.81716136553
2916,155439.26658676483
2321,232200.94216940866
1977,85182.2321655968
1895,165770.61498867965
1240,157432.252678312
85,135020.08850554726
1823,114023.03528143524
825,246848.40503065963
110,212327.20679060067
697,110289.07529976813
2297,126098.60305048432
1231,133210.52527458558
1355,140631.0593521275
968,282418.6788600973
584,223570.03493908618
1315,120859.69534102897
1606,131393.66374707513
206,98088.24258074432
1685,326310.0922991474
2016,132570.57475497737
869,227122.33216956363
2135,126384.96358762891
2346,178891.15330857516
2430,198363.54490208742
2198,118500.04970528965
2652,106043.48999195592
27,103553.76901604375
241,160534.14412007574
906,116876.95173817442
1506,98774.1681944161
2098,299315.4846474427
1435,201454.98466464505
2213,159136.63018489187
1274,156738.93079742265
743,33303.910193120944
1737,186417.62561422703
2797,263846.8134759959
2185,90621.81064648484
58,188532.16134312563
830,195368.38143709127
808,149732.3066555782
680,166487.92730866268
1153,115863.53158121777
1291,139346.9562215691
1818,174855.53646298463
2161,208394.37928323366
1883,128608.78645888402
350,348614.9911189625
2473,157285.1730615669
295,209521.68555577495
293,191644.9195256231
859,124014.79630174313
288,33504.29174306197
1578,179133.3317057169
102,193497.731431923
2831,185145.08151189168
1030,171951.07248890912
2551,138378.2848434908
1286,120422.00501712703
958,271165.0022647156
776,127341.85039199272
72,193070.30643478932
2263,249420.5557215626
1866,149935.48106019967
2876,62713.26757419249
2146,262597.3930681328
103,207117.01351246692
1500,151522.99058235576
492,182098.669413005
167,134481.162537063
2597,101947.28198401362
2685,106248.4922589222
1035,150608.86455902446
1220,56225.64946976956
2602,146767.50417490432
2159,230987.2860935314
695,152709.79958496836
1109,276494.7427186504
640,165429.08671161928
1652,150724.96498793038
2090,186103.9650565656
1188,184678.6619682971
2345,235186.45666614233
1059,376065.1332524455
2751,228979.8639393202
128,200060.13672006142
1523,167738.2555425422
2925,144720.12856320408
2145,254343.89817622222
1121,226971.07370232593
566,293867.6806577536
565,255482.5192665077
1331,151148.29415631387
2928,143458.04112480185
156,127424.04591647966
797,145253.42846938362
327,94050.40051731234
2859,176791.0670922692
1453,119530.43638749735
1762,319411.5684251691
1868,198404.3714224511
1760,180443.7270637001
1113,237370.58650451794
1812,189455.94036386546
117,180759.97970671626
1142,182312.92702320917
2342,340260.7723794867
927,154203.6284188982
2478,191900.7097414399
655,59970.545570927905
2064,123969.00133061723
369,276912.571101521
2239,115786.78276033083
2732,225513.05624701479
1653,160771.6548846775
959,237520.2096547049
2395,335732.01578011026
1412,102061.53403213283
271,236235.6943807091
1484,154586.96521354688
1497,116468.96495379764
552,188154.16402054403
2,119970.98648014583
1855,277288.25759995834
4,225727.93974922446
2292,161349.17147291033
134,137140.1590640121
646,104355.57687377499
42,319626.3292375462
532,215968.01133896387
713,102797.80085439037
2561,130143.18928833457
2360,133722.4745896376
1333,125266.71950202063
1407,224722.32910024154
2892,273983.6989786435
574,243489.01501399302
1227,177633.43224757072
2591,211561.35057259968
1476,205106.05453977676
1125,258532.70034111512
1446,132395.935421878
408,100149.38951776945
1101,301719.4949984049
2251,169829.66203845548
373,189702.23467879265
2554,122438.3451144892
2382,295842.63525826053
1985,70809.28568029485
519,224643.34012566868
1093,188729.0472375322
864,263782.47671107587
2889,158637.13280942535
2308,166533.86473682837
986,164769.35914477624
1302,131359.38699358422
585,167797.9755249553
2708,150272.75298024341
147,135751.7997995403
1441,207433.788116434
383,175457.84308192553
285,135116.65193254896
181,110875.62670650869
358,168848.86529179686
780,208718.84030111774
258,216082.539623018
1865,221268.76621884387
692,131188.93717542267
2902,273048.99889088736
508,244652.19560124434
2638,141150.10223280545
36,147030.13807246555
611,169560.96682095877
2281,116921.59027549613
1678,115177.90461686114
1696,365985.93187269976
1557,67962.2411033673
2180,150331.86031282903
1726,280915.9857320556
951,154473.08431762573
267,237756.9458752058
2706,128778.57756857132
2221,213296.18095894635
1357,165612.83596268995
2901,269418.80276983127
347,197565.21793653723
2164,192357.59130631317
1586,284772.5341926309
360,153900.99891097762
1769,271177.4358658291
2617,185141.39052700961
1879,165540.41898649128
991,207741.67665589054
1535,155184.18700357026
1191,158257.87451775372
1579,232865.085601929
1882,142025.13601843792
1510,114913.61565672094
2196,171026.80242745765
1845,193497.731431923
2336,382702.0358535984
942,101635.9729871141
861,118889.81354260514
2555,109127.37975113606
1392,144501.78695070674
2099,236865.36569775548
1543,133101.73983220884
948,248883.7314435885
1239,148243.94527493918
22,175843.6329946135
2796,215975.42604833073
2747,158514.4059164317
92,307090.53018883907
210,188731.2016801563
1858,183299.27627132984
2228,173792.69753495685
447,272442.90326526377
827,214843.3845419234
1649,218177.78289403778
682,142467.73124360188
2698,114345.57703828637
494,188147.8562562979
214,111020.6254503919
2441,238457.62333441514
2679,101008.11217586068
1336,104799.98614954471
465,191841.70294119685
1524,173462.2442774031
2543,117109.74363328365
631,131288.99984044745
2452,315215.69465144805
228,173013.83467230224
126,164771.80881283607
1092,263986.8189529014
1122,207842.50377581618
932,215720.07658244518
1980,67726.10180031043
2171,85057.00856433704
551,164344.00518484344
2768,195996.95434777497
2056,123008.06706327887
1159,349548.4487168415
2645,114051.32771052164
1174,206476.3906675746
2266,231553.04393183917
2462,313407.81915228895
1219,131438.20402382477
2922,196903.7393644302
118,139829.95157126675
474,179027.4806538641
2576,164713.86177503841
872,244393.0272257781
1077,281876.919999394
1536,160290.5662116164
1150,126659.823139488
2341,311843.17120203946
1931,130669.93695070816
2785,128574.10140821617
2538,130167.22366080864
597,223249.72351664002
464,276756.842141518
233,226613.27247150068
2169,110530.4351142844
2123,176454.03865995642
1867,160922.23147020943
137,231674.917919092
515,234236.02774516144
933,133101.73983220884
2784,167764.2258462985
972,177384.5870476761
599,163047.03252587642
2614,136622.618646621
2582,129397.58418553753
1409,150226.3607471144
175,82216.04205869965
352,290574.973092371
976,68233.50572847796
2134,217107.12445419934
984,133454.12803782197
2396,331990.48738418205
1673,165560.71896319522
404,102744.04927979864
607,142232.6303401515
814,133396.42411082587
868,219765.77788060985
2271,202665.24094749114
1633,298737.8970397796
337,218817.12211971427
2765,185687.90006637946
1746,195407.9053978715
368,324740.83861888025
2806,202266.02854752878
1662,194298.26996844925
1234,199317.7607259883
1373,140699.7973895045
1672,102977.13983553299
1939,119213.32783433632
