Id,SalePrice
2658,128759.56305427449
2718,191488.11762809975
2414,193992.32270215361
1989,114418.26782854699
625,178817.48542553978
333,89918.37639803955
1327,113263.787183545
858,152735.1534762957
95,200080.7664363152
1568,166029.33209858194
2482,157758.96177730034
1364,132185.64289052438
2584,162182.67766711462
818,291570.37398439046
2673,156022.1562142094
2089,119138.08338746095
1297,141053.60213694314
790,113177.65490502182
2616,216640.4382395645
720,166056.1455407131
222,160695.57310994813
557,123143.15218872121
1148,199558.78646864527
2766,164473.01617436248
534,184975.1528414244
1452,114538.5992025752
630,136890.2552303788
2648,113322.98699937541
125,147372.1793509194
1904,70807.98038073299
1670,111823.312451093
756,108844.98317410002
717,270371.1026781868
1032,160620.4420214826
852,215953.69460973344
1731,175519.47683701495
2639,110308.54954173656
2071,84927.69880271675
1267,138408.1520240117
1851,204913.00154976166
567,166654.44910682287
2439,208743.66628455042
1898,156909.96075196646
647,165536.40342301762
2256,223443.9204617371
979,99546.6947186404
1444,211165.31834296486
2485,117168.6621758916
157,128121.33743324582
88,114839.76733221159
2003,107248.46505927073
186,209266.87937176498
1425,264107.7292880288
2695,137519.38742889735
738,108759.86162539182
395,155112.97183168159
1353,168949.11245611447
1878,149134.55018356733
390,153213.68934983734
1456,232832.8926913471
1103,313936.1371650332
1387,115443.52470807376
2070,143722.93576253424
1199,165729.74451942282
2479,173925.48273065305
501,331304.80281815014
2362,102382.51488963803
1718,205396.56705617602
2188,89538.97705926509
1483,154143.5844654773
2557,105363.88220715884
437,361498.16316805116
2224,213100.34151601943
1628,175205.60063404127
397,133606.71030295567
587,185755.68213871372
2182,933409.5930736943
971,140611.98236153257
2611,151962.52796458363
1887,99352.09571955251
2399,337738.088671211
2148,214293.60248048598
304,113722.64371357212
1997,130473.20319312357
2817,120435.08311586319
1431,192525.24830562097
427,377073.1164488532
263,118606.92420687129
598,155406.7369006182
2895,246560.53930226353
687,148839.917644587
1822,139148.37719416115
2191,101223.38638552272
179,123255.41331136815
1009,210858.20411819566
2010,127521.89400561668
1991,127816.4975704032
1411,149099.99792148272
1721,257625.40998754202
1144,176389.52070868073
593,199971.68662117148
575,325092.5454348049
1249,180240.44889493482
1604,125515.7032996099
1064,508200.34020598547
1923,151173.43966832364
1988,110616.15090154402
2325,174774.1580715744
114,182186.56594624568
2700,183519.26127122808
217,133537.23547619468
343,171217.82005943902
386,220249.51635581235
2005,102813.21352933253
2908,140301.72891151113
1814,211831.90810042314
2446,575124.2652250223
208,146107.42653072972
1679,103160.17753055716
822,319442.43026333995
6,191099.95947573386
1781,382783.1953797235
2397,295773.67660066515
2340,295538.5064525331
1618,157747.86242232847
2843,131284.7969333214
1061,372475.77223714074
2786,121987.22457217057
1935,135457.777490188
1341,116418.57726936939
521,288918.11285260716
2136,137266.6742331194
996,187470.41350464118
227,161841.00916203292
135,165465.20800969744
1167,164749.82968291492
294,255176.95833109354
1776,191741.20663503968
540,172393.08570805492
1717,205396.56705617602
2303,122120.5138695976
116,175356.51695328768
127,140299.01515911706
1371,137033.07270147314
1014,138473.86608484396
1507,100459.64317782951
702,133959.8633152289
750,134149.28552878328
261,144955.61838052765
1559,106286.60334700496
577,214460.134701964
2812,196023.23017662446
2080,153435.796063249
1368,111638.32754044468
2376,126672.28044814385
659,113902.77510452301
1235,123224.71309556573
332,86749.5566675304
1917,136316.62015841328
2094,244310.40721577144
1460,268157.37071919255
1471,201424.36147315055
1509,122304.7951429945
1922,135201.9076234813
433,598889.1711520546
460,276991.0405057921
1116,257985.0472561153
1137,156266.30570775273
53,171201.3285754411
2354,247238.99104040736
1475,198422.6513337635
1761,738077.5542006484
842,148201.74215873732
2739,173936.28948879096
2509,171032.2988277971
1007,210360.10978259673
2610,175001.23740771195
1952,99501.74413647567
2719,185107.86869143095
2921,89635.49550811584
1966,132527.8892942547
292,127215.95768906106
1204,178589.95947637042
1829,241091.44505433927
2419,183648.9710431379
391,154886.8684711542
798,110926.19684327679
481,189884.55035907397
193,183494.18333188733
555,123142.69531892773
899,76798.02163687939
2357,170529.72112409992
328,109789.35025155003
1356,120423.19896998648
1154,117050.14678902693
1730,176256.99517364672
2249,143329.47649571733
1119,258039.74191031404
2856,131237.5265898637
1394,141176.01483854375
2587,123222.59913076424
61,334854.8536443526
2661,175867.0157220675
2711,127530.11820488442
1147,150221.01738844995
757,126228.60479375259
2623,97823.05815472704
2378,146880.26051140673
1413,132211.96329481655
1722,234688.49519331453
1112,209025.10155002124
1623,186368.73753925576
1201,180901.0208236306
1513,122140.70306613551
957,257230.29368644132
1171,268175.4447147426
1145,184953.31978975964
2726,240874.13493223165
703,153272.56927254618
760,96763.70640727413
1964,140078.07242195623
2512,181343.5813647293
159,146794.55939221257
1281,167548.40132953378
468,181989.14481487498
290,120467.47151295192
665,98544.84290375772
1463,263422.17057732894
1792,224743.11568081196
923,161483.3053794897
500,291453.9795503503
1408,149891.81367962452
331,81453.82878851394
170,130864.96287117763
2192,100084.24565415831
2571,294571.3923891559
2314,168988.67113435557
2647,94905.79061021439
422,476215.0599528133
2457,361955.4132618158
1838,220360.44311583813
2805,244213.87101290692
1645,151402.07143193702
1711,316233.2518751584
2825,246237.44726660472
322,361226.9544646442
2103,272255.3253710219
342,117279.20620547867
600,118038.501757169
488,188978.77943951706
1725,328644.2611376161
2246,263550.28362768725
2847,168954.956972347
806,231177.10401192465
530,243145.24662209168
963,186245.722461827
2678,99189.55220729946
171,93304.58041715425
2401,439707.84274625464
805,233871.9818073241
2259,241697.65647082272
1748,177429.88079922536
1361,133170.29886174892
1677,109371.36855137577
1406,143726.16108523283
2322,232737.80191878756
688,161202.805381999
143,141926.36440766504
804,199531.27666634976
1214,150606.42533114582
2828,137286.25375249903
1999,195038.72874569456
2467,197452.91007438654
2665,145627.90023980106
1538,437658.65912456275
398,116896.83516650673
2822,126790.81393232553
2157,147034.76796785466
1856,179913.2821971615
1269,105225.59503875599
2570,120394.9775275142
2320,241631.445780559
1517,105955.91165059905
2304,121091.45560915442
1312,106537.81095885953
2012,138069.39259717404
506,216345.8920142036
2865,192760.77044820116
2367,98302.05173710926
554,88967.17704007989
238,119772.07002775437
1954,117073.57777508406
2488,127781.75656238386
2291,94226.63344488117
1969,99732.99172686331
2725,159065.04003558127
1482,154143.5844654773
2763,197204.44805777768
503,244621.18837735048
1584,242824.86899537547
1531,161458.32705493184
2210,161001.32181259617
459,335192.2329165224
556,129756.29593465039
1347,126709.39025231157
1290,91902.35969959896
1388,110314.54496257738
1571,202964.876025888
2754,208869.20959805432
765,125465.13740931786
2494,120639.57321650125
2870,229505.22428857035
7,216030.08496064675
1114,224590.37907432928
2418,283335.1974491672
291,123712.80002804307
18,361359.14705800195
39,351961.4497399328
1001,263179.6799769841
2442,243678.16993472425
616,132508.4650664841
2680,79458.10330041795
1414,116103.01567001801
289,136062.0334090657
40,254203.545070952
860,123537.88582587015
409,124168.14104532712
673,145686.9501832538
2427,168072.03653265347
2036,223856.12185553042
2564,150966.34632260638
642,180157.1567913157
1008,174551.3342054557
1908,142009.42478365093
2519,193501.04382515675
1369,86207.20459244846
2855,164698.22203397498
712,93923.86151662133
1943,113481.3197873341
1958,126427.32245534146
107,149757.86187713174
2295,183687.79654296476
704,95164.41855219706
676,130699.25217566425
259,179002.78518464736
93,284902.5192157488
106,246059.1512926365
2315,187251.30988307492
1050,116048.66865133926
1095,188797.8486787261
2709,141475.36024115182
758,116900.2261953886
1496,145254.02979383085
2370,109322.4577893666
2458,238712.88711248696
2733,136546.56732511125
161,315383.7671448002
726,152800.2908631264
845,198103.64935497244
947,261726.1495101167
2232,105705.77165130147
2563,134765.12194291234
2299,132063.5223986098
211,89228.07408125524
605,175674.78270442568
1478,197666.75572489042
2247,269894.76196240063
2274,205425.47437175928
2869,211971.55409384106
967,227236.63403371992
2656,120429.66128065847
667,210058.32012957285
1042,105833.88477711294
2023,162224.8022566144
2447,413933.4366755675
2055,123117.60299142847
2275,285354.49539437576
2204,181628.3798967377
1563,272088.29183864413
483,217077.2535435481
796,128769.21743853534
1526,158324.32156024722
2042,130542.97858558735
442,338668.5549077732
1693,330872.2758741631
1468,225603.56754916513
1430,200589.19743457518
2605,133799.380261623
1529,204095.99273261076
335,133232.25159059337
1287,120283.59454383781
31,96894.62803227894
1785,277007.1088747591
82,151805.44731909496
2620,130131.58008277758
252,195359.42686335603
721,97849.21574808846
2165,186985.2303293381
2316,169161.14258895835
775,126673.2859530807
1558,125465.4480777949
17,206714.91164679595
1022,220706.7899997139
925,137363.7214330398
438,295125.26345603104
1270,120057.98319197996
1272,121305.00605445252
215,126898.1475344359
266,220454.2201948161
2402,269878.8772583821
1250,122615.37219716985
1984,114691.91919378491
1279,146816.96132507364
377,254939.36401871554
1252,95188.98358120857
2156,251438.0686860175
499,322174.55118575756
1374,120292.61231980914
2898,260243.698487135
401,119546.67054100978
2721,151441.51187443986
2078,269420.77580718434
2589,122813.18346932509
1946,237408.18378518752
1334,124676.89674294116
2781,249230.90514242626
431,393495.1994803082
576,189213.38820533588
1474,196178.41306440555
2254,137231.40433258645
2155,278818.47633038287
885,106955.37558512003
643,130528.69270335133
1944,130889.80298900945
480,204624.71292774956
2845,100605.92292309947
2387,320619.9915776458
2407,214706.20760700663
2527,153751.37294620505
2514,161436.83325438254
629,122031.13444565637
80,170315.95498512583
1876,138713.4172320458
1546,125968.51200212572
2518,162377.97483909084
2347,152104.88266552007
783,207997.8667695477
1322,63069.86967661352
194,84226.96347116299
1770,296923.46376667055
2143,149807.31133363707
1229,205293.05200859054
511,267724.3396811968
46,218189.71764859202
1348,140677.6651101167
2465,191069.68834243124
387,236568.2628742949
873,204753.18510175814
1918,118362.67157117747
2764,220760.51243468534
2184,119075.47050199551
934,140802.93153374564
1920,125622.29090576085
2631,154195.22190324208
1768,774640.5536737861
2040,124484.76267349893
1749,218905.64096115532
834,239037.3726717109
1457,244923.90396205155
79,122067.81487964255
2302,117641.77923540035
1817,133817.9835930044
2755,238480.2383329115
359,170488.11583122384
2059,115590.91691770047
2092,222592.06335861934
2516,243005.8144446241
150,112900.80855522951
1656,141603.70896037066
83,89090.81587739309
2411,184137.6200893165
795,88173.27595157328
2312,233758.67569172947
2917,92031.245766683
1624,175003.04413692167
2215,328074.2293914002
1211,148625.93945266533
1485,154080.06362954504
1024,162734.32048099677
570,197703.45622226113
2874,133408.26442440593
700,152298.05055991284
2756,216201.44673413073
2022,172734.43064600846
583,231889.62383844363
2392,347921.48351382837
2424,188797.13974036503
212,103302.87758883802
736,133722.84483116886
1610,175952.2021995413
890,115955.00099769802
467,178198.2839008371
578,232638.10200516792
1747,171802.3813485369
1149,161144.47699790282
2758,226644.39542477508
857,131993.80099408812
2219,258295.59091715698
733,65620.3736034117
2909,107743.42423593168
1798,277495.5665664389
235,116170.99877316171
2366,121054.95461606473
1027,127405.39637395143
1195,138573.53835293723
1303,65232.691374250324
148,183769.34519292667
608,159831.10764992857
2515,198879.7162725769
821,284748.00371072884
2500,275117.1729343226
745,117481.85836294958
741,126754.93254861567
1611,103157.78529102505
2532,122618.05131071447
1081,211192.54078440767
1692,450680.64509982977
2520,167898.29740342184
276,100687.84320280088
1992,126949.60503205232
663,67411.01901098782
418,123953.69796789714
1733,191790.69332173152
2359,142349.5391049643
253,187567.53904892222
1518,181059.98239839164
2035,144945.15500417803
2919,83882.16088323366
1540,263449.79794855166
2120,142347.8708995402
1674,191516.4300853503
256,149203.07960966168
2361,111624.63522831611
978,82479.07036918424
2280,148333.09564057068
2095,204916.6356305367
1709,330454.49425873987
2801,242221.72187499388
1246,117529.87394423485
2373,103041.68977881689
1055,272270.00689405535
2017,120518.29210167569
1099,272938.33269270224
1344,93912.28235422753
835,186107.3005608011
1117,210258.78131901188
2043,95124.09588141012
2085,134202.88577264678
410,147186.96555336865
2650,104710.70572491732
2867,177951.9222862088
1668,120345.1306996902
1161,174614.29150134054
2122,177532.66928006828
2539,135637.26358226757
1047,130106.17542547685
1445,123460.4698763746
541,131584.7319542659
569,237289.3998364591
1276,121900.36100142833
918,151521.51613035743
326,177427.64398751277
1936,134233.237467167
895,99539.66701906997
257,140763.63961601173
1241,178555.62208202836
1545,119767.55615836868
1189,172835.97926780072
270,147720.23335362767
2066,177538.21395772655
693,113237.70117956065
1259,164016.2344314969
2916,145852.333325908
2321,294741.4007384682
1977,88098.84238487862
1895,152999.44607826634
1240,155845.37091603215
85,142912.0871031375
1823,114106.5538062236
825,296255.31668709585
110,229478.1605909467
697,120197.25266555627
2297,107484.34669448531
1231,133978.96640364564
1355,139059.77751339754
968,350390.68269847997
584,221116.06848659663
1315,121302.5550848001
1606,139740.4269970502
206,99288.72345233288
1685,334274.74441717216
2016,138064.6291515248
869,211301.5098913317
2135,121243.0189055624
2346,166494.51605213486
2430,213589.46785243417
2198,64682.430681222075
2652,110613.82156229104
27,117582.4018311545
241,166475.0510816822
906,124522.55314952802
1506,113882.39259509876
2098,364831.39802032075
1435,212202.28247130787
2213,126231.43026748733
1274,130984.68182813932
743,37937.032870039395
1737,193897.9009419079
2797,272268.5383596235
2185,77710.51867045718
58,172174.02841768024
830,188797.08332327285
808,117323.75310503841
680,156389.68375101621
1153,102680.87969642523
1291,128139.57114788362
1818,149749.07125107176
2161,181612.1344980291
1883,130138.93092233471
350,372805.51637288
2473,140892.3285042225
295,204229.20052472924
293,195115.04588098518
859,124234.0553468814
288,73114.77796367324
1578,153918.6582416372
102,182875.398301378
2831,146511.285659739
1030,163784.37608059632
2551,137306.5501494356
1286,145908.93132625232
958,315203.98374590086
776,122275.78773557425
72,208893.49212321657
2263,263738.7311606377
1866,147752.39518651043
2876,86643.34102863459
2146,269579.21908420586
103,177569.35021709098
1500,139429.31536105194
492,178105.6358480147
167,137325.69616168816
2597,126145.59836188643
2685,110333.71474550635
1035,144020.54582370882
1220,73809.93297570072
2602,147644.09192082818
2159,214479.1587976615
695,126100.88086873536
1109,260950.86090459078
640,160447.7142397991
1652,143710.2431648288
2090,176498.82708967236
1188,180284.08493486408
2345,235072.9392278093
1059,441991.5746789018
2751,234536.44203756942
128,213250.09612095062
1523,167273.28336852376
2925,161777.10918627857
2145,294022.83606006124
1121,220679.63214112938
566,300595.2179392369
565,236750.36627238087
1331,139372.7344899309
2928,121394.86348365809
156,138861.16257365025
797,145216.82708412665
327,92448.11076587743
2859,148532.15904189463
1453,117472.1376221257
1762,361664.47235253156
1868,189243.79367406634
1760,191726.64291405157
1113,250670.08679098473
1812,182973.55798037566
117,149109.65476020845
1142,208365.22675667773
2342,398077.5879526976
927,143388.39664779123
2478,184244.22425942242
655,93596.90000161178
2064,127587.32744426819
369,239017.76247434205
2239,116375.90215322573
2732,217870.99909553473
1653,157797.21218863243
959,214880.0178807578
2395,340248.5746972538
1412,96743.13157310107
271,247612.20603666146
1484,154580.9592552506
1497,148667.847790795
552,151840.70973480347
2,113438.18661499053
1855,294187.4882412049
4,268852.1344012532
2292,156406.21882046238
134,142658.48933342414
646,114236.46522819293
42,332024.47511914396
532,220975.47246727927
713,104073.73540999294
2561,128991.72066775538
2360,135928.91330135043
1333,133704.48274278914
1407,197467.98798367367
2892,294933.0309907014
574,219452.10761830705
1227,180482.50796665077
2591,233068.879841429
1476,205038.0562805442
1125,265064.5594507933
1446,128301.2847848519
408,102420.5497608738
1101,287108.0087090074
2251,196890.05237589162
373,181450.97036425132
2554,129166.62030575462
2382,269459.5708403368
1985,82794.5842882135
519,214488.08574217357
1093,190221.35291693825
864,262714.6738291128
2889,137648.4865658232
2308,189044.923214765
986,158773.9148776039
1302,146382.92065543955
585,156074.7449268682
2708,139845.20387116502
147,127774.18272735002
1441,217287.71808277373
383,191716.9220189234
285,154091.65796796337
181,104005.76466322558
358,180649.1332067664
780,192093.79834472798
258,190591.9034277103
1865,223880.82385443046
692,117135.29434732396
2902,352976.9974687757
508,270957.4044495124
2638,132930.30728562173
36,141818.31412515012
611,170911.59905496982
2281,122898.43643238588
1678,121379.96693402926
1696,487554.0412303801
1557,95093.68757946839
2180,145931.8650401863
1726,222990.89536416138
951,142004.51993101902
267,236885.38591669194
2706,143522.57284304374
2221,245618.0589482326
1357,145845.40546938538
2901,333646.3452417871
347,176567.74533094984
2164,183025.1322437876
1586,324174.8249377999
360,172184.5926296275
1769,223359.77696980748
2617,162921.50127760778
1879,161371.61231007482
991,214372.36150746956
1535,125654.64770456705
1191,155608.8874687998
1579,209804.69941556995
1882,135733.20591841012
1510,123794.21571349949
2196,99118.98034143825
1845,185429.2129529622
2336,411221.8922490168
942,97472.20579818307
861,126117.56963836667
2555,110284.45643706429
1392,161843.17864461217
2099,272670.4117174218
1543,122327.57242594274
948,268789.55912545713
1239,154658.84205293213
22,172038.4188452989
2796,239757.2723879477
2747,165393.91430326767
92,291263.13924796693
210,178792.94819953572
1858,196155.2175517373
2228,146284.61659199142
447,222423.78674801614
827,233728.0825609647
1649,220876.41384837488
682,132052.9882121511
2698,109127.36574054566
494,165737.8371600203
214,123557.45835884666
2441,248157.2127868025
2679,98452.9795921865
1336,121006.70019083643
465,188174.7200588256
1524,143993.21918410034
2543,114268.2663201009
631,130080.44532087616
2452,313757.8937434786
228,151737.3214102134
126,156455.70046495256
1092,217074.16853103886
1122,205797.5491148879
932,254317.09946019558
1980,93452.56989956055
2171,104818.09613673226
551,144535.7939231481
2768,170102.9221853153
2056,115294.50185020108
1159,369966.1806269706
2645,113967.81841330495
1174,177920.64867860673
2266,227264.37350810337
2462,392438.7616443188
1219,148337.22430842716
2922,177986.40835394285
118,141890.29023492688
474,175894.55156543932
2576,149111.33720544688
872,273889.86769136233
1077,225116.7069174459
1536,130762.16783133954
1150,123889.373819466
2341,307092.26276154164
1931,155444.98320911766
2785,125821.50937466022
2538,127657.9204532931
597,198844.82541818664
464,195144.484603238
233,222110.42912779888
2169,127525.24211881486
2123,166867.97631218887
1867,152202.45093485684
137,277122.07615988975
515,229383.99174637382
933,120971.54666160405
2784,157148.2885049866
972,163374.73678444972
599,147629.58598983087
2614,133111.94443019046
2582,143268.24799627508
1409,146888.81482563636
175,100612.4692120258
352,219186.25383514495
976,92882.16625535126
2134,195536.3964139405
984,113791.70672992633
2396,382693.8984516827
1673,144701.89539578915
404,108717.5907604495
607,168594.41536655533
814,159002.5519448254
868,194017.99423454102
2271,203411.39064445737
1633,237993.8076050023
337,176341.27480695662
2765,179570.5055985993
1746,230743.79624385285
368,359508.369351722
2806,195112.69880123835
1662,176186.22301396652
1234,219342.35645987728
1373,135000.9492730525
1672,114855.55653232947
1939,130472.80129874584
