Id,SalePrice
2658,113414.65798279247
2718,180417.16245984024
2414,202434.8651401548
1989,108864.73195480257
625,175620.41709860368
333,89985.24211923224
1327,97341.71099892845
858,159436.59267749763
95,206017.3871468645
1568,172726.72528936403
2482,165915.50152114514
1364,122171.09280273982
2584,158497.96493102144
818,309728.3461283149
2673,144898.6288010024
2089,100880.98433971457
1297,147350.26868192333
790,109847.73328067886
2616,198901.92138934572
720,176410.0345261742
222,144152.76523740092
557,128927.58300007715
1148,194722.76233256928
2766,174181.00134197067
534,180850.25760438523
1452,121516.43484708754
630,137561.63477034544
2648,114427.38626717085
125,146734.3213984927
1904,76077.34237990863
1670,112325.65140159539
756,107087.58792062814
717,227173.01427261007
1032,157117.97326683506
852,213028.5904453258
1731,180093.83007802835
2639,106753.60169802397
2071,92927.28187830164
1267,133917.75984045764
1851,194522.2245310773
567,177356.98217805006
2439,213639.34353334073
1898,147208.72488759903
647,160746.00942222992
2256,238595.12049563567
979,98276.34757501123
1444,216044.81320191748
2485,131202.69550230438
157,120043.29911967539
88,115870.220634983
2003,105512.90741511264
186,197042.46673494426
1425,255631.25163228888
2695,122899.3801705488
738,110656.68745101844
395,148766.2645058268
1353,165227.6544050462
1878,151800.53685041165
390,163122.22427508
1456,246965.15757802324
1103,298917.6094818534
1387,119931.30861651407
2070,132200.626025765
1199,175191.49817402512
2479,187956.20544834356
501,310879.8837831247
2362,107699.27119571333
1718,204713.87461485117
2188,91272.13663466067
1483,160404.8722871048
2557,101209.35162654804
437,335916.133902845
2224,200439.36387091567
1628,192965.36571288694
397,127806.09993330452
587,174601.4205566005
2182,561308.0839674502
971,135426.45663846307
2611,146300.22779959437
1887,102570.35058196266
2399,341675.82430764934
2148,210625.87879759484
304,118729.6990936889
1997,123239.82959777351
2817,126995.18848125184
1431,188009.3745479219
427,377361.63363501144
263,126580.78759018984
598,160874.98699149542
2895,242998.2789822013
687,145854.82475770006
1822,136128.2876282904
2191,104349.91215910361
179,112122.21339728212
1009,228113.49411535074
2010,121768.54766046086
1991,131798.28377999188
1411,142403.1114386656
1721,265151.6071317425
1144,182644.59632540873
593,202025.6228836139
575,301023.1761298988
1249,184223.8436105003
1604,132930.9631160099
1064,443544.7320150724
1923,146007.00176286287
1988,107575.33117035087
2325,179275.0606408349
114,192602.41479531358
2700,177176.19996939506
217,137735.28497004058
343,167792.6241684247
386,229428.1478193112
2005,93363.61897290916
2908,133980.74098202566
1814,212692.23668903075
2446,506088.71072936646
208,158289.62789325544
1679,103706.44002530425
822,306118.5076559819
6,186583.06414812195
1781,363311.55252027046
2397,302286.71438455547
2340,288084.7891214311
1618,159241.02673015965
2843,140320.0211146115
1061,380674.7027716032
2786,125270.86239314999
1935,129486.31827824535
1341,117449.00502190558
521,269280.07062884775
2136,153225.7765154791
996,185685.7605076663
227,165792.83171169183
135,158298.81871834517
1167,165909.79375023142
294,238681.64066937528
1776,192949.70745087485
540,165690.5860559447
1717,204713.87461485117
2303,132541.08788585383
116,165864.90986694596
127,141154.71381899167
1371,126011.7427766881
1014,155979.09923375922
1507,100720.2724875672
702,123231.47348639884
750,138437.30823114503
261,149866.43458086508
1559,70544.05381788213
577,216749.0629955495
2812,203207.62963335082
2080,154586.43967415657
1368,109727.81815023883
2376,126414.81475708612
659,114244.89613505988
1235,124978.86223756195
332,88394.65061381985
1917,135841.93928145923
2094,256374.11720114297
1460,265418.9987898499
1471,192209.05267546003
1509,112190.68480671059
1922,135794.66670669764
433,532228.6629310339
460,293496.054492769
1116,240081.70486391496
1137,151136.53604196385
53,168388.48218352723
2354,256348.73170707625
1475,193543.77189761112
1761,641437.2586554359
842,147653.39414906246
2739,123288.10827136993
2509,185008.39765788591
1007,212830.9725892234
2610,174888.2014581623
1952,101786.3579664161
2719,168621.43472615434
2921,90580.48239504389
1966,128553.82318515376
292,125643.38397676016
1204,180097.58412940806
1829,247998.1046815982
2419,186349.19531331662
391,159597.28466237048
798,120604.41000839685
481,194023.86467896786
193,182230.54443487947
555,124413.87207775221
899,71064.3142545081
2357,182803.47393664264
328,107718.83420962689
1356,115370.10776574208
1154,124669.15996889827
1730,181600.71634555163
2249,146866.8766338399
1119,259562.85837434084
2856,137226.84524455454
1394,140402.06742365766
2587,126675.4721556281
61,338235.9206928439
2661,175411.0273102104
2711,133585.65364576803
1147,165796.85248880755
757,119704.95519606257
2623,101759.94501666397
2378,143726.01461313004
1413,132322.70175469152
1722,248381.7658960664
1112,211877.95122081265
1623,182509.91525004257
1201,190463.89136354614
1513,113912.10366556799
957,233476.1967589157
1171,257290.1419959139
1145,196515.39922896365
2726,238572.2908098468
703,143226.8651459966
760,98700.00622446663
1964,130347.17498219846
2512,188897.22478274655
159,121143.7931726501
1281,169432.14797966153
468,184218.60000223474
290,122766.78536221157
665,110174.09549442759
1463,261485.1541573378
1792,229054.0146011851
923,158049.31158595154
500,292883.44320337946
1408,130471.88870939291
331,84715.52772222283
170,122370.22491469089
2192,100769.79362970167
2571,290472.55063519924
2314,172881.44161786718
2647,97211.76566369367
422,489175.0433580612
2457,309657.07639046694
1838,228611.52628781387
2805,241964.70222946024
1645,151841.66948305964
1711,324125.09847279056
2825,230659.37920467564
322,342678.6185605773
2103,257057.6259826337
342,121612.03940405122
600,119941.66220624291
488,183913.3191381464
1725,329060.02874642465
2246,238151.53040311296
2847,146939.67983319357
806,239218.75520426247
530,232056.56719110848
963,193914.08964614448
2678,101244.23456725497
171,92417.9094175512
2401,415531.97402273596
805,232602.58667192256
2259,234096.3983939227
1748,186209.70244706539
1361,132421.29857693842
1677,106270.74121944317
1406,137664.08112242355
2322,238369.11933589715
688,162043.91289085156
143,145943.12949978377
804,205632.74366793153
1214,148067.97690700166
2828,125423.04791457843
1999,134332.10222394828
2467,206431.22303880038
2665,148243.42149787606
1538,408959.42246205016
398,121809.26809297131
2822,121542.8621893089
2157,152512.54055222866
1856,164954.01927229814
1269,113317.66987862106
2570,127784.23562082775
2320,246953.85332213406
1517,124793.83528065887
2304,126705.20893215924
1312,99704.40587029779
2012,142012.14059037715
506,230182.41291380842
2865,210900.8226302125
2367,95363.95377891364
554,116678.01450946776
238,116796.42218755162
1954,118163.19921816961
2488,135992.39288537618
2291,89985.24211923224
1969,98495.5248358851
2725,152987.4227229374
1482,160404.8722871048
2763,199865.1415787477
503,245684.08756263787
1584,237536.38066316655
1531,184740.98545360586
2210,170052.37240399368
459,328604.96516319487
556,130542.19083814704
1347,130246.25102392191
1290,90745.6904693373
1388,119192.55036360162
1571,221385.81635190456
2754,212155.74897146106
765,124725.14971584408
2494,121266.74722249467
2870,220057.51103498603
7,222435.45426582423
1114,230603.3501119485
2418,270881.3688618886
291,125295.56260851155
18,334274.0285024941
39,342525.8824593775
1001,260718.72524372122
2442,238328.4814538449
616,127744.06155183737
2680,85471.0976822339
1414,126084.39479907956
289,145528.9962108978
40,257666.37103070348
860,135832.11451560864
409,124286.937178724
673,138774.97217195583
2427,167725.60068189347
2036,199503.69944537224
2564,153680.5480536113
642,163668.50199242987
1008,176146.29154709622
1908,146236.88995846847
2519,206275.28349564032
1369,91442.72318327523
2855,178073.23364857447
712,95526.86900916274
1943,111720.64278478787
1958,129610.52380378133
107,175863.69573865974
2295,171211.94392245437
704,108896.66938192336
676,139005.5322995895
259,183003.47674773392
93,294986.34920618247
106,230123.03698447678
2315,178738.9565682413
1050,118081.15009873336
1095,195220.9486085762
2709,141291.99789578735
758,121269.34112561388
1496,136310.65392844778
2370,103700.31473941678
2458,232084.49107333564
2733,132020.55240678298
161,309116.715436866
726,142013.91042968762
845,197405.72075886134
947,258901.57169992002
2232,90219.55276286919
2563,138813.9757604937
2299,141634.45761634433
211,118461.96407035094
605,176501.12180805992
1478,201702.7009156203
2247,239341.10610351857
2274,213226.7686465173
2869,189599.1045615124
967,226902.32321602665
2656,98972.65333698156
667,201126.2418177339
1042,107503.65502400039
2023,152445.65245579308
2447,392885.6406452258
2055,124764.64143079692
2275,271067.1430782703
2204,196350.21156511572
1563,246214.37913914555
483,224867.42138017103
796,129679.89293889327
1526,169430.78703917275
2042,125890.75809499185
442,350747.3706145951
1693,346527.27596658934
1468,232020.38215278008
1430,219024.2938791421
2605,143694.5640568363
1529,211597.6434775612
335,137799.3573882031
1287,103991.53140788087
31,92886.90159204697
1785,267145.6914964201
82,167369.1377976111
2620,138143.512874131
252,192485.7401163017
721,81358.31677206936
2165,183075.87427459646
2316,169864.6904976338
775,129615.9742994731
1558,94918.0035969404
17,207928.57973394595
1022,226487.42025328943
925,151651.37570724078
438,299512.6626453979
1270,123641.14185861053
1272,122980.4997874122
215,138885.56354679575
266,223842.3672206797
2402,286059.90221324353
1250,131081.26028675959
1984,103383.51311056096
1279,147583.11518567774
377,242882.20435696255
1252,109215.68950910721
2156,249145.57848336714
499,319485.3673030756
1374,135195.07445095948
2898,237191.61350975643
401,121985.56987581491
2721,141712.54306101095
2078,255048.9286967549
2589,123959.77947110259
1946,262592.6637273315
1334,123896.57517851144
2781,234350.1133710271
431,393642.46847972507
576,207098.6000875562
1474,201663.15092706695
2254,143778.2837549735
2155,270311.71888877335
885,99747.98685976332
643,132790.49652811055
1944,131704.61025266474
480,205268.46358089946
2845,113323.47674536919
2387,327577.6338059897
2407,223837.77879554036
2527,166774.675031839
2514,173779.71442254286
629,128319.61706421328
80,181428.90905707204
1876,143023.81923518202
1546,110804.16823323656
2518,173530.3768330605
2347,154107.61719493562
783,194838.58756101446
1322,69114.62466644071
194,90249.11983229511
1770,290972.2178352809
2143,147848.99931068523
1229,204718.27719551045
511,257531.48484682885
46,225423.46750531864
1348,142619.97857265914
2465,196923.08429173505
387,240046.60221199202
873,203269.51380952538
1918,115754.06688313317
2764,228296.8060050768
2184,106266.35583476297
934,143300.81741739364
1920,124020.28689651804
2631,163800.91499143429
1768,652065.2304145775
2040,107214.16993950555
1749,216757.71810267592
834,238357.22006108626
1457,239208.72390625929
79,135640.28208985314
2302,123561.82568157121
1817,141088.60051121644
2755,226965.27284088364
359,176444.52580063796
2059,116650.16837035821
2092,233113.45905624385
2516,242548.71886017223
150,116392.34794454645
1656,154632.79254844357
83,112420.54204080494
2411,181031.97591518177
795,91805.32153874479
2312,225524.5359117196
2917,99269.07319089606
1624,185592.27246451157
2215,301088.8015386619
1211,158261.87535594153
1485,160045.98816356107
1024,164149.90576093958
570,187608.52760807562
2874,128982.56903891898
700,148544.75592425963
2756,211900.9845197513
2022,159108.9628321319
583,220591.72885660466
2392,392967.1805875487
2424,188064.80417388957
212,114249.57354017955
736,123810.68912357902
1610,160534.37379194822
890,116674.86096439071
467,179554.15134557613
578,241849.3897270551
1747,172908.80882641237
1149,165990.27274029446
2758,211524.25416957264
857,130953.99560583457
2219,276820.9019077765
733,69920.96119940924
2909,112081.81757631962
1798,278394.92418696155
235,109840.5587262965
2366,118881.8657521505
1027,127427.32206895338
1195,136499.53885837863
1303,73515.52514006212
148,171964.43015160647
608,158728.80114837704
2515,219406.16201708026
821,277842.955568074
2500,280616.55220841547
745,110307.27700054999
741,129469.80040288952
1611,97931.72543327726
2532,126820.08199459668
1081,205460.95462958247
1692,432319.11759817076
2520,187458.2129250639
276,109290.87189561578
1992,118380.28664603647
663,67923.28821450305
418,120193.8494768566
1733,191765.21017656426
2359,143948.18702399818
253,186552.49440097206
1518,167413.0832203172
2035,149105.504423209
2919,89225.05862982638
1540,256426.86371956868
2120,140243.24290744113
1674,182913.63439136208
256,153659.28791852185
2361,109751.16959075166
978,84181.88483887808
2280,142139.00758857204
2095,217158.12022312914
1709,330426.72478720907
2801,223404.25686046522
1246,121541.03700054971
2373,101864.88767526043
1055,273618.3015970651
2017,124897.19310695824
1099,269497.14437651803
1344,91235.40772214484
835,208069.38594479792
1117,207425.93464932364
2043,99039.85587203292
2085,131376.8582117835
410,148555.3708709038
2650,109659.83327652822
2867,180454.01183026712
1668,120295.02564574988
1161,184071.58547421056
2122,186681.97588541784
2539,131567.20007397828
1047,127910.63474354705
1445,132095.9286621705
541,130414.52181473856
569,220785.30453887497
1276,127798.42807342777
918,160637.1544833001
326,174920.04271502004
1936,135324.40922463496
895,97026.49597769526
257,135968.0837532239
1241,175180.66271449323
1545,114749.4832770623
1189,169489.2297820476
270,153239.26280849782
2066,176459.52521567972
693,110781.25296003494
1259,167936.54709464675
2916,148431.26688515136
2321,264275.53381452954
1977,83437.12221744323
1895,150585.0662899706
1240,152258.6514611207
85,140493.58917099016
1823,113797.10948342485
825,260147.42296726062
110,209815.41920277762
697,120285.71812201384
2297,123607.88239015381
1231,131677.3287025246
1355,123311.13631217614
968,330561.24870686553
584,243350.19112977004
1315,120402.75280465209
1606,137687.72393811477
206,102583.71474232152
1685,342850.3916955289
2016,131992.7455440239
869,217063.68403143104
2135,130324.90161389318
2346,169493.36015280618
2430,207229.95823863102
2198,79727.11447469432
2652,105532.76141915566
27,122528.9395985442
241,146676.00856471554
906,122865.92838352661
1506,108306.14455877578
2098,349066.94032586756
1435,200817.9876648071
2213,136339.49625645234
1274,141363.77149696712
743,40849.856670338006
1737,185145.77309315038
2797,269407.26505067165
2185,85990.01135138185
58,177547.87474162414
830,190593.06202963955
808,119721.42708446248
680,150599.93316724242
1153,109370.68771762971
1291,130071.61082252198
1818,147537.82811878563
2161,189736.16699985843
1883,131330.0375097942
350,329795.3837152024
2473,140168.53589977024
295,185328.52336532943
293,177143.5243570664
859,127503.31777952079
288,76790.14298548822
1578,161525.52810457218
102,177348.16264752677
2831,140614.31805000847
1030,162045.57193260224
2551,130407.50595594278
1286,140941.61763356917
958,319786.11437623616
776,121275.53822547452
72,203954.14580380582
2263,256471.83787778186
1866,154907.34091403396
2876,88987.10215054694
2146,259349.57947740387
103,187710.06341103849
1500,124886.08344444075
492,179147.08290681368
167,133328.4210998322
2597,108749.05294045954
2685,111697.5789303161
1035,148225.24560951686
1220,74543.2778124487
2602,151349.08670944374
2159,220243.50089024368
695,139981.46771985528
1109,258537.9645747362
640,153237.3892307547
1652,150299.31211623494
2090,177607.58879963434
1188,172416.92570040477
2345,249146.9366463041
1059,400531.0968128339
2751,231650.73142581474
128,192443.20877839287
1523,178417.08305837584
2925,164281.86862846656
2145,271777.32146931445
1121,209838.9836120117
566,299242.99989188404
565,246527.75438502984
1331,141380.38703395042
2928,127919.01214700183
156,130186.75095003235
797,127224.13305603006
327,92300.88919279676
2859,138709.24713215357
1453,124519.78210377751
1762,342868.2007076115
1868,195191.97538163004
1760,185389.5240533879
1113,250409.98245406282
1812,187011.65501966843
117,153591.24741239235
1142,195564.6978338175
2342,367389.11972598487
927,140193.12177984993
2478,176719.51621859905
655,86454.95561291622
2064,128668.72629250932
369,240237.80897584013
2239,119272.52293335667
2732,213485.18293282652
1653,159346.70919240965
959,215854.23443617177
2395,346997.85214818997
1412,106501.28614200723
271,244149.8697876268
1484,160358.51085466723
1497,124013.31550263173
552,161329.78300762302
2,119372.63082106113
1855,264988.7815625566
4,251142.88817581712
2292,166346.95489681384
134,140867.1281951128
646,120939.04704585086
42,342797.67696408846
532,207291.41823227823
713,104976.22631563338
2561,126144.869115151
2360,131256.36114333413
1333,117910.86884375493
1407,235778.47165970266
2892,295597.7719812316
574,220417.81611859254
1227,169025.91157044432
2591,237335.9302494834
1476,196061.3792140179
1125,257054.85540136226
1446,148353.52060243924
408,104459.41476346967
1101,292068.3633875745
2251,189793.92435935495
373,185811.62559796564
2554,132357.72248670505
2382,273291.15109781845
1985,93451.00429718151
519,206275.85499583138
1093,177829.65635831995
864,252502.50247122397
2889,143907.71426381535
2308,183397.32575592856
986,145749.61810787188
1302,136641.3358385824
585,157522.27502062396
2708,137086.39249249944
147,129865.75572233346
1441,212781.21307744205
383,189686.7670141119
285,126792.00605230636
181,100417.35306778105
358,197648.2644705765
780,184845.49980092837
258,193364.0159785092
1865,227669.92847514048
692,105298.18135990281
2902,321836.4946843788
508,268849.3161232844
2638,118007.72536416771
36,143198.86687782413
611,174014.41549650664
2281,125631.25419441464
1678,115994.88058769474
1696,443905.62223594874
1557,73308.11370555848
2180,137910.8579842968
1726,233906.08897859268
951,148822.5152860035
267,243102.77881214145
2706,136634.3449416908
2221,215061.3185285736
1357,144041.4216993201
2901,319948.2695713235
347,181130.63504827963
2164,185839.27212348822
1586,314418.33625568135
360,167950.89499033798
1769,225754.69216385917
2617,175829.80959119071
1879,157958.31336284816
991,200260.14203807313
1535,122854.97705255696
1191,151300.78228962974
1579,218690.11346712813
1882,133686.29649554088
1510,116902.12364116978
2196,120273.24436583514
1845,186611.56384442392
2336,397152.40897054475
942,108148.5029775393
861,132739.81035812703
2555,104388.48879786785
1392,154763.07022447733
2099,257278.37017415528
1543,126381.84784540349
948,247300.33750885096
1239,154000.95937175397
22,188833.98416237193
2796,232478.4757087317
2747,179250.07790596996
92,299895.5742575011
210,186068.24857491578
1858,210301.2142690436
2228,139209.9179489854
447,225712.5789221749
827,219328.45446050217
1649,228732.3184572554
682,134509.0555457596
2698,102887.45685205045
494,165239.20897843022
214,99946.6013280332
2441,252543.18637908532
2679,112939.06529718456
1336,110054.09571266455
465,201099.089071326
1524,155031.7913639065
2543,118617.16235040604
631,138349.30946356343
2452,309921.44462519744
228,165392.0491916224
126,149018.27335170243
1092,225723.6933689022
1122,204600.24737277706
932,233158.90367893386
1980,91988.03885000832
2171,94501.00876595054
551,159195.70649501085
2768,177246.05678780604
2056,117599.0358112011
1159,344779.67609296355
2645,123407.30263810507
1174,185045.8259946284
2266,237593.44830105986
2462,374748.12548266695
1219,142491.63942361323
2922,176440.29956500625
118,143714.9376365793
474,175638.66695481882
2576,146410.17739864576
872,248911.6662300548
1077,234798.95282675137
1536,140337.1820740821
1150,129779.51921626336
2341,289325.0415463708
1931,152443.91631735073
2785,135088.28731033116
2538,126775.39483999216
597,197826.37939541473
464,213998.14746139536
233,228837.4721153866
2169,128701.00183701966
2123,174166.95928897886
1867,157645.8057877004
137,267346.08058062784
515,219214.1945500846
933,124299.9877447786
2784,182762.54161552177
972,167458.10834887813
599,149235.32114096938
2614,138322.76797641555
2582,145858.85353552125
1409,158700.96578119963
175,109206.44060069577
352,217597.20642744444
976,92286.37836116257
2134,200847.71038348196
984,117295.54943509385
2396,366082.72693539475
1673,138742.89817334505
404,106955.42546155461
607,161311.76830570924
814,156592.1604981511
868,201695.8955498424
2271,199805.92614737264
1633,272205.00926410564
337,190281.06343343182
2765,175486.5935138012
1746,219123.4569597458
368,320015.8568819282
2806,194175.36240122686
1662,189750.49710549263
1234,218298.18564061643
1373,127997.62296213582
1672,115107.13006623193
1939,139917.7209185339
