Id,SalePrice
2658,135537.91324627982
2718,179354.28085433715
2414,199595.91001922847
1989,93606.04771945952
625,161630.82667101733
333,93398.48958461056
1327,92264.47487977718
858,158688.42990327126
95,222578.03606885544
1568,163823.65350847947
2482,166243.4874907108
1364,115198.16136806307
2584,158392.31275383802
818,249618.61825585424
2673,161984.9482723039
2089,125238.85240046564
1297,138651.42050751008
790,111178.89135110239
2616,180731.51561936853
720,189759.6146391905
222,146848.9667432889
557,118296.45544260764
1148,187432.89274353546
2766,173894.90982842958
534,186884.84423551487
1452,119879.39667400916
630,135486.20436300943
2648,156595.06250474567
125,160706.7371603886
1904,41009.563388707815
1670,102755.39164889778
756,90728.61886418157
717,214744.20235595456
1032,150773.79595339752
852,209447.8633758584
1731,197630.5395703906
2639,90869.6463561136
2071,100257.68622733233
1267,134173.26689013164
1851,204670.8693660586
567,183667.55449607433
2439,217761.63619706966
1898,157244.507347552
647,140440.45220724656
2256,218690.0959421706
979,105930.70361184573
1444,224653.6242168669
2485,113453.06142432091
157,119609.13295795023
88,127900.51910228282
2003,109842.25813859864
186,218969.66033333517
1425,233892.61734164192
2695,135088.59821075387
738,114356.93516022421
395,160762.45525641856
1353,182832.47792076122
1878,141212.30041053006
390,168548.64006276708
1456,228488.8783069218
1103,295818.8932383915
1387,122294.69840048067
2070,133681.23833547882
1199,192216.62069306325
2479,186458.16126143467
501,297764.3583815326
2362,102755.39164889778
1718,243161.2901516821
2188,72950.59360225324
1483,160312.67484376894
2557,77849.44746299065
437,356477.2330072061
2224,185487.66244280757
1628,194594.90893202857
397,129264.95879239764
587,177427.65066192427
2182,426528.0510296911
971,168429.74469106912
2611,151708.48761920747
1887,117568.1810071884
2399,334031.56098162255
2148,207991.74193439656
304,117660.82926089829
1997,132192.29236420756
2817,101844.28571929841
1431,233778.0399968042
427,332005.58920435375
263,120500.03997364221
598,157535.25010439556
2895,227759.05716109555
687,163094.85995499452
1822,142190.14417498093
2191,92809.81138070836
179,111921.07039413706
1009,292336.81739222247
2010,124943.72594412114
1991,146047.37792833382
1411,150389.73521674122
1721,289603.99577524746
1144,192541.2903019319
593,232717.5266224288
575,269394.74809612695
1249,180608.16976373282
1604,130586.49469769793
1064,386047.177427363
1923,152368.8996304312
1988,110505.63156718854
2325,180016.81782182783
114,188822.06053963513
2700,190296.0033322397
217,148906.64346746227
343,166456.76162761217
386,248188.45323217835
2005,104955.80565317837
2908,147324.04228169762
1814,198903.81143431354
2446,412064.0647649728
208,148153.86822445504
1679,100681.76948385895
822,272813.9721743044
6,186597.2443063223
1781,304520.6046347838
2397,327780.43414149794
2340,338313.15512972244
1618,162755.27584891848
2843,137899.50917070743
1061,362780.0801223002
2786,119879.39667400916
1935,139241.85383713455
1341,117181.64497784537
521,248730.4864197732
2136,129208.95147420105
996,171694.92967630946
227,149841.8672526942
135,165285.98040571227
1167,181309.36355687235
294,226940.34933160548
1776,207244.9734509536
540,180753.99274110876
1717,243161.2901516821
2303,124801.77764344122
116,177601.63848903205
127,142110.33018740686
1371,132623.85431189334
1014,151683.01348499453
1507,112233.16025638476
702,152181.3418324598
750,149556.36098413332
261,165020.2143698777
1559,55022.802133084624
577,239536.39294649102
2812,221992.02896647213
2080,172518.98647247686
1368,121329.04241421027
2376,120504.32701686933
659,101414.73093634413
1235,127737.16987046681
332,92897.19431955274
1917,153099.85891882388
2094,229888.21206225187
1460,265903.4697266505
1471,191917.71877134033
1509,115240.88994692906
1922,125314.27068922226
433,397600.7040512399
460,318276.78242164734
1116,233857.98114439216
1137,163924.07075920806
53,176420.03038714803
2354,255826.2191318723
1475,207768.9533498825
1761,472886.0298255095
842,131910.3992357921
2739,137870.551056382
2509,199192.51804036088
1007,217224.52814167878
2610,195625.87650706316
1952,111849.19661329035
2719,178423.31590488774
2921,92897.19431955274
1966,136438.12762870744
292,134450.5030467204
1204,207394.5224860569
1829,259866.41693072952
2419,199389.02891935082
391,159838.80125106487
798,133065.40681682457
481,198481.9251968558
193,207188.31760322035
555,124546.65497158887
899,49305.38308087282
2357,193159.53720589133
328,102625.53114600689
1356,97048.55614474672
1154,118797.75070766546
1730,182145.34473769483
2249,145092.96022723243
1119,249942.98665988084
2856,126059.90883809899
1394,155662.355197481
2587,130418.67042655824
61,320075.7021990479
2661,182260.40956058446
2711,139248.0919374253
1147,192242.87831569125
757,148580.55119853525
2623,106904.88141022413
2378,142955.88007276878
1413,139399.22538965347
1722,280087.4651808748
1112,219835.93418433296
1623,175876.318206514
1201,203704.4698639511
1513,114315.78932555148
957,224185.39115619904
1171,264782.55676268914
1145,209967.95245670818
2726,233521.36043699225
703,154303.7277284927
760,90544.52068776113
1964,142400.7884313293
2512,209532.57521318377
159,129023.62132028874
1281,182422.37720872287
468,186076.08563537046
290,111141.53573109594
665,98825.3856632344
1463,267550.5647833537
1792,238440.25299983006
923,154064.66917721322
500,296219.77656362473
1408,113523.24761305703
331,69503.72254873998
170,116568.83869513159
2192,78574.2855035296
2571,289026.4682823904
2314,163702.1482830043
2647,87694.02888830961
422,386090.0166488709
2457,277636.11669197597
1838,206115.08114394464
2805,249364.93329981563
1645,158931.7394283727
1711,347923.48233155545
2825,236963.54399472475
322,300512.431062183
2103,235754.54724054085
342,133395.51245897345
600,101860.19758997869
488,180574.90948641277
1725,339386.60835148755
2246,250198.62408986676
2847,149613.46656602377
806,241936.00752001174
530,243739.58227366512
963,197758.36475304968
2678,83736.67775604257
171,82664.24144195137
2401,383313.02928515873
805,217562.87913489447
2259,235080.41417566617
1748,192784.74120790185
1361,147618.90383117483
1677,113668.48363338644
1406,128092.34857724514
2322,226749.05437817227
688,183190.2275909459
143,139410.04452891857
804,212183.97053807508
1214,159605.7822048919
2828,139988.17941942206
1999,170973.17703915108
2467,217700.422737094
2665,183739.35582530627
1538,326636.9831745905
398,102815.06566618546
2822,119764.4988958285
2157,160062.02721124003
1856,189696.05665958044
1269,123897.91795935133
2570,129038.13048702036
2320,231699.22060174344
1517,118968.90743623022
2304,134978.76214884047
1312,90375.44564479566
2012,139127.96016026335
506,270168.66546367505
2865,219069.9445829898
2367,101721.10011545115
554,107017.35400931549
238,114851.03087393101
1954,118379.79792206292
2488,179745.10913828155
2291,94401.08011472633
1969,120293.44809593132
2725,146678.93483743886
1482,160312.67484376894
2763,215829.36250279343
503,281332.2911147509
1584,236124.79563887068
1531,178437.67186292226
2210,198183.61543388793
459,340413.0601085577
556,128306.36945952289
1347,141912.7845408948
1290,82557.85608150391
1388,125139.43922320695
1571,178096.77371510142
2754,200460.48709455843
765,120779.0409893227
2494,127574.28996783006
2870,205450.71937005618
7,301284.4668617344
1114,217803.86328703281
2418,261032.57025172096
291,177787.29403829598
18,363571.4763169973
39,343560.0431393739
1001,318073.65092109796
2442,238958.9951922123
616,140689.51435808372
2680,87267.24352470937
1414,112348.38477049104
289,150649.78047222632
40,289838.7359231402
860,121431.00492309174
409,117199.18313799927
673,138996.28232916328
2427,176014.22192971082
2036,201873.32128173916
2564,158817.05730602576
642,168210.28394456557
1008,190273.33975040866
1908,168496.7024676249
2519,190305.97376080928
1369,80827.07052940922
2855,204557.33803362108
712,84503.27932484215
1943,98546.27987901727
1958,141734.3863926254
107,183847.81482845312
2295,184438.1323009393
704,110741.99061559164
676,135025.730820094
259,201943.498373089
93,305641.74766152014
106,246843.72608297353
2315,178331.03235703113
1050,119839.91718458512
1095,198784.29310435418
2709,130144.39623166446
758,163462.71291635046
1496,149580.2077161132
2370,113417.83600085753
2458,238624.2001838967
2733,108424.83790320123
161,277798.411081034
726,152189.01888301584
845,205791.63133766607
947,259387.67428572045
2232,100745.11881361401
2563,148972.30537078064
2299,139291.06356286875
211,118786.68593104731
605,163555.45919731818
1478,214187.19257829408
2247,250198.62408986676
2274,166527.33960658836
2869,194329.8657477399
967,249232.95912194415
2656,78553.67688067793
667,222613.02868102025
1042,101470.45248292224
2023,164956.1988760936
2447,373470.78028082894
2055,138663.26142812544
2275,254254.75092618156
2204,201270.02335903572
1563,250783.45459916664
483,260862.50306574465
796,133616.54244161944
1526,180414.95197533595
2042,166760.90085081733
442,336482.31921088207
1693,357778.19362375967
1468,229208.96433543332
1430,207019.74703581072
2605,158249.02018572832
1529,224051.77478347963
335,138778.11964895693
1287,118232.93614682555
31,90071.15937281039
1785,242369.9155940084
82,164772.49496830732
2620,148443.13764948677
252,197695.45129422494
721,65906.8723518604
2165,185743.1426440857
2316,164875.80712266453
775,123249.73407589854
1558,60415.65449970227
17,208243.1133962772
1022,216675.2765288424
925,147909.83075644425
438,298034.4005952624
1270,150144.00049560296
1272,125819.56377534068
215,129910.9866131848
266,227378.89130560972
2402,324116.2483609875
1250,119183.41919481626
1984,88966.24504550768
1279,153080.10460548103
377,263008.6891591217
1252,162684.16826515622
2156,255451.97636176774
499,327161.37986985804
1374,136088.1881322842
2898,255173.87340480345
401,103065.71329871437
2721,165859.20310877427
2078,260962.87362561235
2589,125564.91832175129
1946,242204.92783806194
1334,132575.26702437538
2781,211982.15684935974
431,364276.93948629906
576,206751.94289758662
1474,221224.1785842491
2254,161230.61332883383
2155,251959.82810174813
885,112247.06212638028
643,142203.86668841052
1944,132291.43168553582
480,204163.20170117356
2845,105695.03528691398
2387,331867.41416757926
2407,263154.1026490353
2527,161748.4536038729
2514,191295.22345467645
629,162780.62428372318
80,210580.64201402315
1876,136744.49335726618
1546,121543.88960446778
2518,177778.53780430078
2347,148516.0588538231
783,215470.929164642
1322,44839.62462880614
194,90810.91916754178
1770,299012.6714119732
2143,153201.0046319553
1229,217405.03740139143
511,241047.09936514113
46,263639.4904294569
1348,170456.3191037844
2465,216260.20878026844
387,245431.37117416307
873,204566.25222303637
1918,106672.18877677515
2764,235753.43575063616
2184,89425.63919817202
934,139929.71053654887
1920,126316.86121933802
2631,160003.6369200109
1768,464109.49056534504
2040,87852.14687178831
1749,223041.10206501058
834,252776.21570635983
1457,244048.72733039816
79,123778.2222232566
2302,124551.13001091231
1817,130436.18051629188
2755,216760.32745224284
359,181043.26957889798
2059,121757.75794430089
2092,235637.11632617528
2516,232612.6967240658
150,108565.93364494678
1656,155970.76298079104
83,100225.12129273929
2411,173456.33854283276
795,78678.39234988997
2312,235613.08480383654
2917,118903.30959099997
1624,200037.489367196
2215,296640.30199582595
1211,148788.29099396558
1485,160312.67484376894
1024,169811.78227434692
570,185071.9556625666
2874,128120.27636809915
700,154071.5875767814
2756,211011.42318831943
2022,175961.56026655086
583,214440.43144527613
2392,362418.03819751437
2424,189831.48908886325
212,111889.13599329477
736,125261.95943645295
1610,180874.4675528045
890,99532.9484295221
467,182145.34473769483
578,277457.31385603256
1747,179596.07109070057
1149,165813.81780631922
2758,212430.80452830472
857,121383.28246918274
2219,288646.4422990236
733,98063.72263485973
2909,122195.70039014332
1798,254088.56239975232
235,84621.66894644208
2366,121352.89368349209
1027,139834.037190333
1195,121296.03862604697
1303,16238.39637032419
148,170248.20728521305
608,140026.7319072939
2515,221547.58649072482
821,251579.87307768513
2500,315321.3928231193
745,107004.70237224887
741,137897.6559134298
1611,133522.03508112393
2532,124641.94901442272
1081,191701.3727300805
1692,380090.46475241845
2520,196674.44302086846
276,139621.75295944547
1992,136835.1655480765
663,41325.60734825174
418,127468.58394110214
1733,195946.70441221097
2359,147063.89333361888
253,197739.2178268762
1518,180321.35271983803
2035,152193.02905213798
2919,92897.19431955274
1540,247305.1497024825
2120,133565.4480348135
1674,184868.18501283287
256,177706.30269152997
2361,102815.06566618546
978,69002.42728368216
2280,150845.90421201906
2095,221887.47692662862
1709,336375.03183223656
2801,239986.68683476874
1246,132474.45155845908
2373,101470.45248292224
1055,291302.8111069201
2017,138708.15262500418
1099,305550.25867496
1344,97966.31401220383
835,215672.01312919613
1117,227207.92128565116
2043,88740.38595107663
2085,116386.81543798279
410,147714.14536995522
2650,117191.420416657
2867,190432.81973456917
1668,124092.9312954559
1161,200839.61309706408
2122,176262.38294024335
2539,132968.91328449873
1047,123190.7812921335
1445,124458.63991933281
541,147595.44404236518
569,209380.48489819258
1276,146969.00742441788
918,174368.60493611812
326,156120.44494775613
1936,135701.01391225972
895,85162.66573034227
257,131118.68762661458
1241,169480.35690299002
1545,109190.65572929254
1189,170989.39703526488
270,160312.67484376894
2066,200599.1947041778
693,103898.34053857066
1259,117560.48877261765
2916,149428.54037139914
2321,236376.97926480195
1977,75107.84136496356
1895,160847.0688041579
1240,153498.79193744017
85,150007.85943768104
1823,98296.76750643353
825,245426.2386598218
110,212353.3291095473
697,124489.88541521947
2297,120759.60055370582
1231,131620.18831423356
1355,137141.75709458534
968,290701.48630263016
584,230162.31673248147
1315,135339.19159541838
1606,124551.13001091231
206,92178.5058702986
1685,336394.78614557954
2016,130549.37904671207
869,228998.12731429795
2135,121932.30018814956
2346,171925.43810927216
2430,194780.72800129093
2198,116130.38699468947
2652,101213.00976062985
27,103746.03061563487
241,164892.41242422932
906,115620.3670365949
1506,138954.43642413942
2098,296378.66324701544
1435,204617.97249800584
2213,149377.98756089027
1274,154043.8118353465
743,28898.09609259991
1737,191778.19475652836
2797,262867.8809880911
2185,77394.41752147011
58,178017.6820971003
830,197504.47767898347
808,146442.6850122935
680,168170.47333317203
1153,117016.0664281724
1291,150080.43917264836
1818,171025.7231074028
2161,210124.22477152117
1883,127283.63895912073
350,363273.2153231106
2473,165304.61069874594
295,198313.32142427668
293,205076.34453583264
859,119879.39667400916
288,52303.955026193406
1578,184759.782839749
102,196307.16499450593
2831,189344.1509213847
1030,165201.80236324796
2551,136748.44927852403
1286,135036.82368792
958,279677.1139918262
776,123353.17462583736
72,195284.71105849626
2263,243902.74218998
1866,144724.52939661662
2876,44742.4189775493
2146,261292.41151205415
103,207670.64531428472
1500,139988.17941942206
492,173859.22748270677
167,132972.86920575658
2597,111054.69118595798
2685,108993.93404804124
1035,145549.81897658925
1220,61258.97164626734
2602,140608.75341442414
2159,232499.19852758187
695,153026.24162476347
1109,284495.1816302035
640,160759.53573885537
1652,144394.34434090613
2090,195779.7204195056
1188,178505.82269396388
2345,241051.43352407403
1059,384598.082417076
2751,230311.03949423006
128,197479.96175619506
1523,163916.07960579498
2925,140138.75428279815
2145,253052.98030728067
1121,223979.40862523357
566,291107.4004033328
565,264503.2964439936
1331,147939.34299981478
2928,135022.52868149173
156,126865.87893830484
797,142680.49472873495
327,93649.13721713948
2859,174944.5543919563
1453,115534.89357657824
1762,323755.7954641947
1868,206024.85580640018
1760,172255.89895865484
1113,234176.25653652684
1812,197932.1085623271
117,174344.339469456
1142,190890.19742416823
2342,369765.9577499487
927,144233.8191119635
2478,183153.13978794974
655,60117.39776461106
2064,138693.07078275736
369,295638.0758366063
2239,112496.75550627476
2732,235445.9257705449
1653,170058.4739856181
959,234082.9163769656
2395,347597.2531971028
1412,100752.00930920127
271,235631.20138490538
1484,160312.67484376894
1497,126593.65119781671
552,181470.19004111073
2,118793.56012181821
1855,271455.75634493935
4,249816.6640190822
2292,152349.70620758715
134,136278.96898273868
646,89687.10596996627
42,330041.1460666595
532,215758.91351521062
713,101307.44355769875
2561,132837.5717867423
2360,131142.79617593298
1333,138795.72759010934
1407,229462.18095226598
2892,271842.6311260947
574,240955.56847877812
1227,190095.76300659322
2591,206055.4304600265
1476,207303.47087515774
1125,255043.38857615634
1446,127390.78810795327
408,101183.06474891677
1101,306250.48129757727
2251,176015.76502284803
373,180324.9552711579
2554,122887.37368691748
2382,292412.7981082323
1985,75829.83580028906
519,221480.9279420654
1093,180161.14728665748
864,262318.8632691244
2889,149600.57789188984
2308,164390.93733914697
986,155547.52410203218
1302,126834.4092763851
585,161664.91835963086
2708,145927.96115079825
147,134325.55009727948
1441,209801.95155832614
383,187212.72857988195
285,134858.82354477711
181,107180.62098840112
358,161752.68531880283
780,210070.27404806006
258,202128.52386065293
1865,213711.4224635004
692,124177.65535858879
2902,267037.61258594564
508,240987.42534785357
2638,136076.43101127446
36,143457.1753378266
611,164519.20832698653
2281,114794.89223664044
1678,146990.09159133257
1696,374711.5561555992
1557,74365.73106476793
2180,140786.9174597744
1726,277708.33253228164
951,145566.3964442754
267,239787.75947720918
2706,129009.57879245165
2221,215826.48024066107
1357,159474.7022148827
2901,263520.6338880253
347,187255.7060109292
2164,194830.93086521013
1586,278638.8616637313
360,163931.81230633927
1769,262439.56156977476
2617,197902.49591686088
1879,162576.77179395966
991,200779.11890160816
1535,153774.1690334879
1191,155226.7738255224
1579,229694.64674688317
1882,138328.84388676484
1510,114631.2708995312
2196,175958.64701682632
1845,196307.16499450593
2336,410883.57635063515
942,100847.48106005543
861,114914.25027694518
2555,107843.2929237975
1392,143384.74472403247
2099,235754.54724054085
1543,113080.01238860073
948,248577.20950596896
1239,163088.89841909602
22,183924.3909098229
2796,218077.1955534328
2747,168928.94396806008
92,312305.7093902569
210,190340.98805775773
1858,209568.69897288957
2228,147623.09884794266
447,271087.2100250529
827,216493.77233507764
1649,224329.877224316
682,140953.69903568295
2698,113555.06413242035
494,177767.0344645714
214,118751.05586864462
2441,242316.8571439667
2679,103659.45828029467
1336,104374.92209112679
465,197276.45138792286
1524,164345.89584428642
2543,116386.56842520996
631,130366.95015158888
2452,320055.79689335125
228,166134.72307900665
126,162075.47652890184
1092,263138.195164399
1122,207400.1342758619
932,201878.99178705213
1980,71588.06505657255
2171,91011.05462294689
551,157794.25566849648
2768,194332.37218366726
2056,121101.30185433477
1159,351486.7439012637
2645,101062.45454654354
1174,207050.00201465178
2266,230613.61823315138
2462,322550.14798227
1219,146685.6175114729
2922,186795.40933721873
118,137424.8106741868
474,176169.38275461912
2576,160309.96074876701
872,243655.79774748313
1077,278639.29748173116
1536,154595.3751980482
1150,125004.18370399554
2341,327526.55157692544
1931,163453.8179616423
2785,124661.5231981501
2538,128063.44090472232
597,213191.19110369193
464,275996.63832608704
233,237363.53186567093
2169,106850.3376381105
2123,182349.4679019982
1867,155490.30033257348
137,222013.21799822734
515,232727.16152623983
933,113080.01238860073
2784,159581.63175577077
972,165208.23316888057
599,157670.50562360708
2614,149877.29438608373
2582,125736.07043090137
1409,149317.4409209945
175,87008.48352466058
352,291112.5584808928
976,85663.23126265523
2134,219051.9270355336
984,126182.31758297933
2396,342263.03844407806
1673,154554.15575307712
404,103940.14680693217
607,157021.71876303805
814,147277.08485062502
868,221749.33507626143
2271,187188.64355689194
1633,319337.82953637233
337,208883.03725907672
2765,186784.24064824672
1746,200853.10410313075
368,339656.95496778376
2806,204673.69059403567
1662,187095.3861599475
1234,209765.41687941062
1373,137997.92428469774
1672,103065.71329871425
1939,118789.56230075774
