Id,SalePrice
2658,114955.15867967429
2718,195334.19491655982
2414,194235.92822329444
1989,112525.61268508907
625,170509.87454235717
333,92304.3013685209
1327,98928.01742837943
858,161511.12758488805
95,206050.53867148323
1568,161363.98624941532
2482,169307.22900595196
1364,115141.4063946183
2584,163480.081162087
818,284591.81734255806
2673,144436.57174981374
2089,99147.1185737581
1297,136968.6780763069
790,117753.446513656
2616,173266.29116114075
720,189450.87236499242
222,143498.35723601052
557,125485.93172992114
1148,198391.1538052828
2766,160591.32297143995
534,183580.36737430227
1452,118800.63933189935
630,138631.51894866783
2648,131273.01344298874
125,151489.55902728354
1904,70411.71032712853
1670,110068.22077495909
756,99124.015128802
717,229203.86495295956
1032,149759.2898534955
852,213789.97201217365
1731,178376.77825990834
2639,110996.99057954742
2071,81199.8830251863
1267,112456.54928695329
1851,206934.25347466717
567,159988.84532260365
2439,218134.19249714585
1898,154132.512158924
647,148689.36776116714
2256,222853.8839777658
979,99067.88964966006
1444,213466.18985488056
2485,116332.19265821253
157,120760.95818847549
88,128765.219804249
2003,108633.65127556614
186,208026.35127511428
1425,257740.9414580399
2695,116994.72540812196
738,109830.26392480078
395,148834.30570697697
1353,174710.40015804846
1878,144435.7486857077
390,160650.3367734671
1456,235597.8800446691
1103,305051.4100879771
1387,139274.6637058689
2070,136735.68559288082
1199,183782.1005967291
2479,182594.23529236898
501,303708.1491742744
2362,105969.92804331168
1718,200722.76361313032
2188,87920.49467844237
1483,146536.94462382462
2557,95661.14509629476
437,353475.6824424046
2224,193423.61890692002
1628,178008.61535668944
397,131313.28952968295
587,187035.82659132348
2182,421109.98620057607
971,133913.7770895398
2611,145377.80042344023
1887,88327.13110878099
2399,348440.4664593013
2148,210047.5687092097
304,107951.84007786999
1997,118738.80825638007
2817,132261.16265229325
1431,209695.23104026198
427,379478.07070392667
263,123679.49507884581
598,160129.96302540196
2895,245437.54533574652
687,158466.7012288597
1822,137076.5677579036
2191,104006.91971359213
179,115098.61818944302
1009,223682.32620341278
2010,123276.74133972819
1991,132907.67058287808
1411,149998.87107232408
1721,263178.3009400237
1144,183660.82784260533
593,209073.22492477542
575,325527.91990176775
1249,174410.58233434672
1604,121970.61778117441
1064,430969.3883214153
1923,146505.81670192725
1988,102198.32620271566
2325,170796.22223405846
114,188353.4273978363
2700,201549.64557909593
217,152872.9580346722
343,169053.62531820184
386,239142.86550919228
2005,81539.9225281531
2908,138825.94071714624
1814,204172.1745580436
2446,475946.3208610515
208,147432.72874111513
1679,107444.39813448215
822,321009.4699617257
6,178326.09176643018
1781,381661.311073498
2397,295747.99114791513
2340,293822.2346610026
1618,160845.65138486502
2843,149469.00260908835
1061,376212.56291715463
2786,121718.06712015634
1935,132142.628229595
1341,118249.69951155678
521,277843.91247388883
2136,138804.97530114412
996,174498.8057827091
227,150092.12122983686
135,149525.4115813975
1167,163808.37249833648
294,246769.52987807486
1776,205370.8682256588
540,177161.28902347528
1717,200722.76361313032
2303,119663.93574636902
116,168917.57934115425
127,133199.1568680185
1371,121337.06198923162
1014,168767.2007789711
1507,95597.57563781082
702,143133.1208130767
750,146102.63954490502
261,148779.40565424526
1559,71721.65063247581
577,237503.88569352793
2812,207025.04376342465
2080,158081.80820697913
1368,116883.83561824747
2376,118754.67792043199
659,103804.18706574623
1235,130437.20747769708
332,90835.3907788998
1917,137532.476754314
2094,253102.24863226447
1460,272076.1014064932
1471,190670.868598878
1509,117532.30541331555
1922,127850.14890909453
433,439521.1428344698
460,291415.6480634813
1116,243363.60032800693
1137,157692.56943477812
53,172962.73724914258
2354,248531.77942535887
1475,207027.66882907215
1761,505607.0647433127
842,143397.77993638185
2739,160309.36083684172
2509,170434.54488116238
1007,213959.99414449107
2610,177849.8133481999
1952,95449.99946916963
2719,189509.7341026468
2921,92304.3013685209
1966,136164.4312299614
292,129024.55917734484
1204,189990.1682849308
1829,241326.41822522465
2419,190045.39428582028
391,156574.70310628257
798,124169.75010184177
481,190053.0617702219
193,194811.94782751088
555,128431.13733403152
899,62857.1080156297
2357,178514.32612970102
328,105857.40185412791
1356,114536.99801630597
1154,125190.56683028059
1730,176752.76237268493
2249,139648.71041344834
1119,257437.38006316926
2856,125077.5573394558
1394,138777.3970469384
2587,115408.99843436715
61,333905.9830958507
2661,176221.32418784278
2711,134504.6427341823
1147,183984.44740549146
757,126484.91563117254
2623,87903.35664324029
2378,143965.3205422704
1413,130536.44441688758
1722,241675.91687868832
1112,217541.8046802108
1623,178112.07905913942
1201,190574.7901385932
1513,122865.81243965763
957,224753.7411145451
1171,265496.4443655266
1145,199576.90631019312
2726,247955.2557691287
703,132877.7822997765
760,91462.66333353211
1964,134562.3845123957
2512,186676.75280333377
159,124071.53325632456
1281,169323.50426490602
468,178760.25007698222
290,116020.71470017883
665,105981.08487957613
1463,271558.38642706926
1792,235626.58140026158
923,154056.2582362266
500,287267.6562666224
1408,136620.20422875663
331,81421.66689490352
170,116497.42225556269
2192,95956.83865174928
2571,331103.6368708792
2314,161042.328623743
2647,95139.7840036342
422,411774.5254736037
2457,341003.4988288861
1838,215456.00045961712
2805,243310.61544813996
1645,159874.5233696783
1711,324443.5589451932
2825,234125.98373042897
322,357230.56776314205
2103,261586.76368705946
342,121980.81476876611
600,112859.52813912692
488,183556.1719829563
1725,335900.491843185
2246,251309.48326184068
2847,142212.799707313
806,235871.36360267623
530,237808.53633091852
963,194947.6049350521
2678,103840.07232854883
171,86757.12554514602
2401,404380.36274960276
805,231445.6136390034
2259,224363.88960364053
1748,171982.88375157007
1361,121554.86145933926
1677,109685.08678652383
1406,135976.61124708285
2322,241217.38330232838
688,169839.14527936289
143,147858.05452266938
804,197905.23883563688
1214,160497.37271927227
2828,124674.97747890805
1999,156787.82820879747
2467,205493.37294576268
2665,156906.49769060858
1538,417032.0480526701
398,113318.5814465147
2822,130427.56746996958
2157,146536.94462382462
1856,180272.10359459624
1269,100715.31593736263
2570,131707.61511882878
2320,246534.62836344886
1517,125782.9425912692
2304,128066.95881572503
1312,93039.3843443512
2012,138783.57360574199
506,227327.62032070998
2865,222015.31673502
2367,94817.24206079156
554,111606.68469467599
238,126748.91626885974
1954,118202.60307302517
2488,141091.9302240493
2291,92304.3013685209
1969,89935.14118065688
2725,147894.58414078105
1482,146536.94462382462
2763,199106.78022855084
503,248944.70526947995
1584,239991.77005227358
1531,175997.3009745891
2210,187215.8327776973
459,339687.08060863987
556,129619.42236362128
1347,145608.3899477981
1290,86360.33608444252
1388,124513.3178976342
1571,183839.4940535132
2754,206612.49808540195
765,132925.28459617935
2494,127764.113727362
2870,209166.78067079448
7,234798.11823477945
1114,236506.62253318206
2418,285006.27720426914
291,143821.6211467633
18,347508.5072629113
39,353004.0470775712
1001,278717.95386678673
2442,244984.00137632302
616,124633.76572309395
2680,76469.7117872294
1414,130241.16621678493
289,146256.78160013765
40,270682.9266613617
860,126451.57091432814
409,126500.92039816023
673,143080.10346096943
2427,171928.95015100142
2036,173812.85363660104
2564,148877.31714141552
642,181269.25102966282
1008,184449.02727479054
1908,160634.0274645926
2519,187514.29219374922
1369,85661.47121216627
2855,185531.69090853012
712,92249.45403307193
1943,118232.40326057994
1958,135280.4933202035
107,157335.1880415661
2295,168298.07170253072
704,112113.8067088196
676,135110.38195887272
259,182290.22501621934
93,293910.9062499517
106,240627.8694315648
2315,180594.9166766712
1050,117011.35649304907
1095,190643.84522172302
2709,136598.7675351717
758,135346.15032131417
1496,137256.08588332756
2370,109490.34366402203
2458,249787.97557867772
2733,127124.51868683766
161,304588.6868916079
726,147688.2877323375
845,210261.22796230545
947,264776.5676126521
2232,91622.13707824697
2563,140744.06833966562
2299,151460.5595119947
211,121932.98455442564
605,188784.50629378427
1478,209644.5370058438
2247,252445.08161297353
2274,196439.9088443412
2869,197021.87594007605
967,237110.09442151757
2656,102412.85224737247
667,235928.46122207752
1042,97934.92326947351
2023,156688.00714907664
2447,396158.0960210674
2055,126573.32902475701
2275,282904.9062794372
2204,189753.9688877895
1563,260056.99433214127
483,216658.10462631538
796,134148.44917477344
1526,177602.28188982263
2042,139873.99528959562
442,351143.77734701015
1693,346726.1704318225
1468,228923.01722458782
1430,210133.51181113618
2605,144461.51501918444
1529,207776.0789855852
335,141006.6080184565
1287,115444.12083471399
31,95057.59175233265
1785,280147.51786559715
82,155508.3910928386
2620,137007.8884890556
252,196028.38562159886
721,84255.02037571145
2165,183831.21743430372
2316,163994.07439102407
775,126322.23991149546
1558,98420.53802595433
17,205493.22646767364
1022,218629.31073992728
925,142075.00993397392
438,296292.1790986454
1270,127607.50375108511
1272,126331.41527440886
215,143480.2532971124
266,217380.8420885516
2402,278055.91165779304
1250,131275.2662700561
1984,103947.83425711223
1279,151791.25050725625
377,253779.28268121782
1252,108726.77202066139
2156,253889.20368616836
499,316911.59821624786
1374,129699.71948704678
2898,256168.56811306113
401,113318.5814465147
2721,145458.161930886
2078,252416.92512764613
2589,128130.95763116122
1946,284654.57613797294
1334,129200.41708075802
2781,236960.99286531014
431,401408.3321389939
576,197555.0887406779
1474,205949.0893307103
2254,141643.50955178577
2155,273159.07540277997
885,93516.83949094657
643,138066.59476791116
1944,129651.81272101641
480,199826.15777596863
2845,110772.28318751548
2387,328350.04469450796
2407,217306.6947773715
2527,151429.24568735526
2514,160714.56969697325
629,137670.0028738901
80,203630.5762077108
1876,137978.18273693245
1546,104159.12624224908
2518,172205.6374523092
2347,145966.81761728114
783,200591.65624613658
1322,66828.70042172664
194,93190.01789535905
1770,291710.30550372275
2143,139270.45241151264
1229,196036.75283529182
511,265557.56683095166
46,216869.85931943575
1348,150121.29295950237
2465,196717.39277541408
387,233421.37336500883
873,205723.17348731382
1918,118189.49192667128
2764,227243.94211243442
2184,108159.23302053701
934,137813.99780910392
1920,128187.18839941466
2631,145502.29156337524
1768,511765.2005946756
2040,105756.68926219636
1749,221437.5355665462
834,258184.53484373546
1457,242134.26992930457
79,117753.96380770775
2302,116468.85840871025
1817,128784.63067419706
2755,240858.03449901752
359,170774.98633108503
2059,118960.42787339287
2092,243710.26150142812
2516,236021.6131309716
150,116655.87192240627
1656,151466.2941230491
83,112322.94515715794
2411,184039.26763069455
795,77407.54967732639
2312,238393.17321209202
2917,98536.29378275262
1624,191668.88802018735
2215,322342.20952194976
1211,143622.5534891535
1485,146536.94462382462
1024,163630.28991332045
570,179914.2951820036
2874,121924.36052674266
700,151720.55713930866
2756,216841.55798401893
2022,165793.35064952684
583,210258.1746548119
2392,366732.40969502233
2424,190916.2372625677
212,122616.53235369519
736,126007.43807680339
1610,169259.9411559284
890,118518.28717271646
467,175668.77463211518
578,268461.62632371247
1747,172533.86719879525
1149,168811.38993687116
2758,220883.87982055443
857,128198.75088920371
2219,283034.454630212
733,65806.89446889644
2909,104699.91472169697
1798,272006.04601677286
235,110791.55634117918
2366,122833.3439271844
1027,128726.14049930946
1195,129935.44972472446
1303,60301.086474671974
148,168455.30207572816
608,152552.48942163208
2515,192212.98374125638
821,280498.6525375414
2500,287431.6182664065
745,115551.79511561338
741,137420.42857728957
1611,109816.02881472677
2532,124001.84061048574
1081,206050.7561608023
1692,423472.4025096076
2520,181587.0557518562
276,111556.73477308109
1992,122792.68327229336
663,61688.12608764044
418,120775.00385706821
1733,192053.16192818788
2359,144899.96908300655
253,192112.15819520716
1518,164328.4532862849
2035,131171.43603760822
2919,90835.3907788998
1540,247037.29225875015
2120,140792.7214776781
1674,183187.14969532992
256,164180.40324695208
2361,107975.68559781896
978,82662.49899072677
2280,145301.11142069133
2095,213983.72906712748
1709,335489.05730806536
2801,232213.4850633791
1246,116400.49465112775
2373,97585.5179057025
1055,285314.92576633557
2017,128366.57304818436
1099,271222.71341154806
1344,78507.56410559756
835,205064.73059538746
1117,220574.86191305495
2043,95152.0828540092
2085,133225.1957898095
410,146558.69244382624
2650,108008.65528965418
2867,180425.16816035224
1668,121440.2597178353
1161,175416.60426708424
2122,189350.42345439145
2539,135339.20503993583
1047,133597.6457858795
1445,126535.58692144249
541,137907.7107513282
569,216331.43045088305
1276,135665.1595595898
918,150554.4095560579
326,163243.79777099765
1936,130380.24232131935
895,98947.60280370021
257,130610.59996229922
1241,171683.73771573245
1545,108070.31732288482
1189,176635.68039563464
270,146536.94462382462
2066,205425.8017902225
693,105720.16723544915
1259,161237.7117169075
2916,144935.0620990978
2321,272376.6525880812
1977,88659.74600516562
1895,152018.44419897615
1240,155842.09963894912
85,143348.62863703907
1823,120695.19440950741
825,264508.94369322155
110,218482.3074143629
697,114648.01900261361
2297,116658.02752438418
1231,138095.97811733588
1355,132184.1141294019
968,343498.580685538
584,212547.12433336655
1315,123438.17345525624
1606,132621.63871973887
206,96549.62377615376
1685,346022.37351606216
2016,130782.6621666909
869,220175.07225279187
2135,126786.52489673665
2346,164126.80004127006
2430,206504.51720816945
2198,75012.88095618387
2652,106462.72488886004
27,113760.69141622614
241,155576.57957806473
906,114917.57833135784
1506,110379.22487853213
2098,348854.9897101734
1435,201814.10019797896
2213,118049.25795635603
1274,147584.05758375177
743,32336.58807953793
1737,199599.45994313667
2797,272773.79693778115
2185,79206.5575899657
58,160087.69837666643
830,193290.33912725598
808,112934.93383069689
680,164782.6174517602
1153,116187.74058299782
1291,137009.59564509153
1818,144540.77603859117
2161,189018.55627340518
1883,133146.17448263077
350,326184.68708740745
2473,149314.8220987278
295,201429.54109425383
293,184345.2447196999
859,118708.99103829007
288,81068.18248918999
1578,146929.31473521344
102,177719.15208971777
2831,153373.89147584105
1030,165939.26465715386
2551,139806.49583995197
1286,132703.33496216818
958,315775.68548492633
776,121884.5732204793
72,202521.76617672542
2263,260341.17468339068
1866,142919.775121613
2876,73831.6710218944
2146,264357.66883635166
103,184300.33619942062
1500,124674.97747890805
492,174316.28280108864
167,140486.96389307748
2597,106452.04773833546
2685,112117.32973348878
1035,146141.33170324852
1220,66553.40702855341
2602,142313.9066453697
2159,217043.69753994624
695,148100.45605324447
1109,252179.25461799724
640,171431.37889062453
1652,143933.46747519745
2090,176593.54162266664
1188,184733.98401781605
2345,219218.8691317219
1059,407721.83936000755
2751,244527.81329798084
128,192751.5309677962
1523,162694.49224389743
2925,149312.87053892444
2145,288644.08719474805
1121,221764.16363777983
566,297828.8734418989
565,233236.9942850531
1331,144123.0386629965
2928,126365.67671494767
156,134911.3915671243
797,132711.85470455227
327,92779.49824828576
2859,143189.97659275384
1453,113523.10824852085
1762,330012.1049384993
1868,188101.95050847877
1760,175686.33857281905
1113,255399.483740542
1812,190646.638066802
117,157080.2040855471
1142,190972.85863138913
2342,368867.3328504407
927,148047.46531006225
2478,181190.8023587216
655,80333.65440492879
2064,131558.5524605662
369,238474.01051127716
2239,108607.30814857775
2732,228661.89239035576
1653,162512.0636568897
959,217528.3990746985
2395,342782.2695638686
1412,109637.90333455341
271,240466.327076794
1484,146536.94462382462
1497,130686.40511591222
552,146664.86228754153
2,120688.48443310303
1855,270324.7839894098
4,257052.2837428883
2292,151316.9671190217
134,140696.8317082181
646,116207.98579569718
42,325127.55003164767
532,221161.7053331233
713,106160.80037455751
2561,130362.46240492404
2360,131030.42044904146
1333,126753.40774190464
1407,233779.47711384218
2892,279251.81762996444
574,225703.50409184548
1227,171287.0406750489
2591,227769.40931658886
1476,207821.8982830678
1125,255336.51215228453
1446,139255.7616671364
408,103829.47963986562
1101,294208.35265522817
2251,190157.31879207335
373,181329.58780781698
2554,124735.6012006534
2382,278111.4340699813
1985,91745.29125966037
519,215064.46373442025
1093,181455.8032850727
864,260247.95148199375
2889,146670.70848582714
2308,192634.35505473972
986,146409.08374505126
1302,133708.96286588287
585,152477.30661091936
2708,139652.6758962047
147,137444.2722041374
1441,212803.89404160588
383,175781.82503571254
285,131439.22928729118
181,114388.01445559225
358,187038.9866143249
780,194240.90504508765
258,187004.2217548277
1865,204647.11115216423
692,117335.85124742115
2902,310682.51033012825
508,271179.4115437644
2638,128595.08577353477
36,143652.25280715522
611,167978.83686964214
2281,129298.08615175058
1678,122945.15822362657
1696,414386.94806278637
1557,77593.57672563271
2180,138272.56665907975
1726,230297.2283135627
951,132603.28060606978
267,236924.4955919433
2706,136518.51486239454
2221,211425.82908349272
1357,155213.4407089359
2901,306295.997648026
347,171660.3170978736
2164,188307.29091536783
1586,299293.244665537
360,168799.44916718322
1769,228242.90230647178
2617,139121.0901753928
1879,168034.31274669783
991,194273.46522441914
1535,136070.8181979308
1191,165270.7909421785
1579,218626.1546853233
1882,134888.10625021934
1510,124301.77982107842
2196,103283.72344076469
1845,177719.15208971777
2336,401560.70192496694
942,100102.58272481117
861,119431.34378386398
2555,110831.62157785792
1392,158314.35028105343
2099,261670.3215385876
1543,117344.45486551366
948,256963.35571583392
1239,156995.45549225865
22,170098.1229885147
2796,244551.94944815655
2747,174053.07422031657
92,301922.53727515135
210,191438.06970858385
1858,197182.63111934
2228,150199.7811278482
447,232297.27938714152
827,224919.6473875426
1649,203383.28577385203
682,142325.7621069217
2698,101287.2157858123
494,156063.4143764638
214,119562.10400234499
2441,263065.0102381397
2679,116442.91849027274
1336,110520.62504781643
465,193047.21387747314
1524,150556.90365844287
2543,122492.38679259909
631,138902.05953472666
2452,317243.6883570084
228,147866.81595631468
126,164876.54387969562
1092,216428.88140046425
1122,209347.18693768923
932,202950.7469355822
1980,90285.79710744615
2171,98386.84401827151
551,152076.32039691054
2768,186471.43172591977
2056,120127.68152700986
1159,342343.8474491091
2645,132195.56639399336
1174,182477.10699363032
2266,230845.5293611971
2462,366748.073525659
1219,139469.76677335807
2922,193651.93743022624
118,144183.96064541902
474,171485.38525956037
2576,158897.6520166426
872,262873.74497479433
1077,231964.27763412177
1536,145346.8636479246
1150,129674.63200887012
2341,295174.3151512329
1931,150605.7536840331
2785,128610.99066788556
2538,128464.14635099226
597,200479.52555949692
464,212502.28230161063
233,239688.12256497412
2169,116292.38059336135
2123,162652.04445650018
1867,161451.18081834464
137,237623.23339416078
515,213657.45783424302
933,114081.08564859744
2784,166397.46336757753
972,164647.47138639982
599,159897.43560639466
2614,132309.53250291786
2582,130754.56906643354
1409,163224.56787442224
175,112947.2104384275
352,223188.15273180627
976,90222.43067436226
2134,202828.2335064522
984,115842.9698222157
2396,348957.97179104894
1673,130358.91256049403
404,115929.94854525059
607,160390.82738496125
814,152455.0739140579
868,206491.69886605995
2271,202295.06220376038
1633,265991.25056470593
337,192652.6138622851
2765,200020.74794355338
1746,227594.57976328573
368,326437.7066127865
2806,204317.51266087507
1662,176510.49629874426
1234,210688.43926930855
1373,132956.13225932716
1672,112718.5124887153
1939,123963.6508782579
