Id,SalePrice
2658,124007.76745926189
2718,160728.77365867622
2414,187278.52777017388
1989,114441.6978560378
625,178976.03493993025
333,94510.31382052688
1327,120591.31972720628
858,150946.41778362647
95,200764.65784900403
1568,166926.3310524041
2482,167272.34918927407
1364,118164.90904641527
2584,158502.27753589483
818,298184.7846266949
2673,161289.19684582777
2089,137182.01715502053
1297,145240.82155083775
790,124172.82586676709
2616,190713.17993178748
720,194595.79019714167
222,149726.3305827512
557,126087.95790240838
1148,209324.4010751141
2766,150648.05793208958
534,190458.19650876336
1452,120283.02917650883
630,133670.5594037948
2648,123349.53271476609
125,133901.10756821983
1904,62280.59269039084
1670,110926.78196979396
756,103137.4904025106
717,274139.56958642567
1032,170102.79574562423
852,227231.61580456237
1731,161877.26145331952
2639,120036.10283333
2071,86894.02766490982
1267,125250.83803128178
1851,199143.2140233532
567,168335.73814341487
2439,211758.84256034344
1898,149004.84913597113
647,152597.3590652904
2256,234868.62007236356
979,122387.2686772126
1444,215125.70192364277
2485,113547.28908278575
157,131473.19953492453
88,124906.16613344486
2003,113009.47217404807
186,204478.50355380037
1425,271053.10206711025
2695,136788.41941543337
738,108178.21981348998
395,145364.38030977672
1353,157081.99335469308
1878,152834.82714108413
390,155807.26411739524
1456,238618.49410014602
1103,327280.0891054872
1387,122765.80488608916
2070,148893.11345465423
1199,165313.26714285748
2479,175190.29098094336
501,335308.41218766826
2362,101397.93931281856
1718,184407.30911361647
2188,75827.18740368585
1483,147018.48771494106
2557,76251.06231494642
437,363336.3994616735
2224,207619.1536524411
1628,174542.53326233034
397,128289.76223055668
587,182612.86728392527
2182,378473.0873830496
971,151404.91889111418
2611,140827.58950305483
1887,107016.21547757964
2399,352074.1736275752
2148,217349.02573718954
304,100604.16847080037
1997,139709.3388375839
2817,110898.22549867177
1431,187142.0033853508
427,383323.72756600607
263,123354.89702720006
598,158370.29159935273
2895,248603.52251865325
687,152852.06389205228
1822,138100.6733636785
2191,104948.1566121251
179,137097.3973345798
1009,196674.55507871148
2010,128756.72126393985
1991,134150.10501642493
1411,154898.09763926614
1721,243315.07853329094
1144,187298.28318156698
593,214498.10020929287
575,273997.84640494705
1249,176709.76967908235
1604,135595.86658777407
1064,440040.6783617568
1923,153200.67745918833
1988,107797.53604345796
2325,172635.69907935886
114,189753.5555782862
2700,157760.6432738365
217,120373.17735831974
343,170883.39588072296
386,221596.0958818871
2005,122637.58106681006
2908,148106.30215433534
1814,230669.01614660182
2446,484906.2575238639
208,159691.79380571644
1679,114485.25724501505
822,357116.05181040027
6,179600.00259332554
1781,386134.60790411517
2397,305675.67151338333
2340,285195.8784315469
1618,166161.13806243008
2843,124179.21135387386
1061,405592.16999407555
2786,120283.02917650883
1935,135582.49234205033
1341,129818.56137058983
521,298683.948912061
2136,141252.96617974402
996,188663.03246409172
227,163184.29377897095
135,152764.7161697089
1167,170268.35331934475
294,268607.7194873204
1776,196070.3158151301
540,175240.80669082416
1717,184407.30911361647
2303,130135.78285218937
116,162403.81235908618
127,136710.77894092552
1371,123060.42592661035
1014,160908.3573503658
1507,110778.88716558638
702,130871.10425589679
750,134180.9799190891
261,141336.04214866497
1559,69079.5254346539
577,237829.15369227182
2812,201650.98126324045
2080,142631.50633714296
1368,122557.64198257607
2376,129343.72505622583
659,118576.63895822932
1235,130195.15305575561
332,86547.37255655846
1917,135339.2582759336
2094,264404.1130876066
1460,279941.3316461166
1471,193142.09041893214
1509,128256.8058839719
1922,139718.2436063153
433,467025.2263659526
460,265287.23197341233
1116,234242.5535518261
1137,158228.0369071801
53,168972.6347528434
2354,235135.79445551898
1475,205565.83998523265
1761,422875.1313364028
842,147175.88542113279
2739,165633.1787008602
2509,165531.02551150406
1007,209694.1121099482
2610,170845.32750551178
1952,99059.62946718534
2719,151603.93186179156
2921,96117.62691425432
1966,134418.53668748133
292,127410.44396699565
1204,181040.57880162974
1829,250433.11766285592
2419,183308.3362610818
391,156706.7049206894
798,117722.21492937792
481,185605.5555772299
193,211264.42290261647
555,129325.36909976791
899,69679.89901836056
2357,176725.17989302057
328,117464.24673334762
1356,112382.79591160202
1154,121390.80575287474
1730,169545.86651816673
2249,134560.95712776794
1119,256979.1308946066
2856,143352.3399528939
1394,136695.13627201613
2587,122478.60837562554
61,362561.868502361
2661,174785.74413761162
2711,124616.91340878986
1147,180259.0646691945
757,130070.29727392709
2623,94096.45286610452
2378,150760.54335058396
1413,143325.60850012035
1722,211368.681416041
1112,208397.94516851933
1623,187675.42092757206
1201,181768.36211040674
1513,116842.48722587382
957,229721.91106847607
1171,259977.6283970135
1145,199534.66160151293
2726,224199.8657469445
703,160042.79917071562
760,82872.89830629487
1964,137326.66120433758
2512,169238.81542489407
159,147966.31540413527
1281,165197.57274578343
468,176174.96468446695
290,117946.28162154171
665,109603.38455958648
1463,282110.84067951335
1792,228340.07204150947
923,150763.97521294697
500,298067.43436294916
1408,157998.89171453318
331,80332.29274222213
170,120400.76327248609
2192,102530.95143643852
2571,286330.2270596847
2314,175971.53936762115
2647,88370.85547250444
422,485356.0515898482
2457,379334.110619478
1838,203814.99703900437
2805,240506.0574453056
1645,157363.09388347232
1711,303388.50553276675
2825,251049.9111464128
322,395309.59661936073
2103,287075.2111231336
342,120517.17152273447
600,123071.32173019844
488,186277.13376760788
1725,313148.3733275918
2246,269766.9943081593
2847,163779.85365170098
806,249271.0742577487
530,230710.26100429916
963,180979.0789766994
2678,101900.84878538302
171,94394.39519099228
2401,464698.21890887007
805,233789.441478047
2259,203090.73157243698
1748,174010.78153820956
1361,127376.04041526218
1677,114263.55656730948
1406,141885.19735148887
2322,218541.42318574776
688,151223.5514083273
143,145208.4507987287
804,214755.73111540012
1214,145920.35957469905
2828,137103.07505866795
1999,179538.81038114705
2467,191028.0448972142
2665,149380.19385596717
1538,315230.00124258676
398,115780.90277755959
2822,133639.73441532115
2157,145183.3846950167
1856,168205.42037108482
1269,105690.82281316411
2570,124878.54846060657
2320,249757.97342295616
1517,119646.52764939672
2304,131339.16281761497
1312,94287.62705759879
2012,131212.526780419
506,212596.1021804382
2865,191700.21070054665
2367,100288.89905865928
554,95699.0973214959
238,131635.65691838885
1954,123089.25798475953
2488,131246.7990803942
2291,96697.70751991266
1969,107183.76862680377
2725,167275.23935505387
1482,147018.48771494106
2763,190892.33071796957
503,238813.04940674535
1584,237779.59238339504
1531,159398.99727164733
2210,159261.18143616727
459,320643.542123656
556,130839.32492556261
1347,125649.41895857191
1290,93839.886431216
1388,119015.49505690744
1571,177254.28374210597
2754,197525.96032516588
765,134798.82419188728
2494,127615.61452495024
2870,191095.57857726057
7,210428.76042984307
1114,230626.79413840207
2418,279255.9543674599
291,102371.46307710212
18,374563.88843523816
39,344177.14148428803
1001,263440.6360042459
2442,231974.72487130077
616,133404.64364204044
2680,74815.40269455423
1414,107785.95725915665
289,147768.47315100487
40,247768.84192926984
860,129832.16653076305
409,128127.1643810867
673,143278.83409615533
2427,168202.0949961154
2036,216736.30797415462
2564,145455.21021545984
642,151507.30363569516
1008,172647.69839702992
1908,137406.02299383574
2519,183430.55401344365
1369,92551.96736343732
2855,171813.73677489144
712,87944.48506059975
1943,121173.85423880859
1958,119028.40484198504
107,158530.43433946194
2295,178366.3676669773
704,97031.17906045531
676,134227.47246805334
259,175637.0516530511
93,309514.9175869025
106,239509.60085253743
2315,194812.7348644973
1050,120283.02917650883
1095,181761.31718141958
2709,149649.47096394203
758,141424.2246987572
1496,159079.9023797821
2370,112320.39580720986
2458,253223.68877959557
2733,136404.34637103265
161,247491.4975485897
726,146109.32419021454
845,208523.33998298174
947,273194.2413534857
2232,124863.03059672532
2563,146482.62874123154
2299,137354.82038113207
211,110747.41982478034
605,152031.43277329108
1478,200557.84481306592
2247,267987.8792191354
2274,187153.4229271003
2869,196804.31847335002
967,213552.8731788459
2656,114212.65879819456
667,178341.85474787827
1042,104036.23165009914
2023,154903.68101607155
2447,421645.6027456374
2055,121174.01758996268
2275,285793.3958536871
2204,177551.63810891256
1563,281713.7926951371
483,204100.5589957885
796,141170.41266908112
1526,146929.53554480535
2042,146517.86543960506
442,357375.03966034704
1693,343155.54325335176
1468,213634.6853782135
1430,185646.4664767139
2605,140343.7908191548
1529,197138.37527552745
335,142417.0390158527
1287,132712.51690087555
31,101556.6958409832
1785,295923.01183210034
82,163894.8050052292
2620,123765.20413477489
252,200285.55624213573
721,72350.87222693292
2165,183922.34646136366
2316,173176.77997458127
775,129096.92383039456
1558,76611.43118901266
17,205377.8565142875
1022,238712.20567739249
925,124474.93952863713
438,300436.9344245062
1270,138193.26270944034
1272,127615.61452495024
215,121335.97586746815
266,217828.98037413656
2402,246534.4774247862
1250,115937.36474716669
1984,112371.33608956386
1279,141117.7900418801
377,232662.82283168644
1252,134865.08010058242
2156,262730.80288931885
499,327369.7805119841
1374,127899.71869389314
2898,220010.05028834465
401,119725.24650407281
2721,164919.87071110113
2078,222870.14309766702
2589,128556.87495195855
1946,182213.65981989037
1334,117507.2993846129
2781,246372.7593640464
431,398715.2264584166
576,203776.6336056518
1474,198909.96216468836
2254,137415.24533392463
2155,315400.83019995864
885,115016.35817597827
643,129023.94712351252
1944,126902.0209298241
480,193346.1486920402
2845,112016.0810480271
2387,347885.21363363287
2407,194369.7729063502
2527,156721.1890093615
2514,148188.72997764344
629,168135.34832311203
80,209981.69095727193
1876,143844.33518563228
1546,114152.62788390856
2518,167665.3919306532
2347,147013.73152931363
783,192615.25988292787
1322,60186.19853967544
194,77834.37057550346
1770,303483.89102862
2143,137387.10810659014
1229,202395.580033214
511,285305.2672188541
46,201735.5289486597
1348,167816.20715718903
2465,189186.57188956477
387,237506.20199345148
873,212790.70634911922
1918,124407.71870914327
2764,220377.18662360217
2184,124678.01545142866
934,154841.32147578706
1920,132934.8891903945
2631,146292.22792409753
1768,515234.1481948056
2040,120648.87146039553
1749,216453.48801860676
834,256530.90781273958
1457,242908.71310778908
79,130853.30727335853
2302,124826.83460088097
1817,138678.77555089572
2755,235505.32714829766
359,175427.2997724795
2059,120283.02917650883
2092,255458.28617617677
2516,248437.15102591057
150,109233.97764772683
1656,142246.30884466713
83,91288.40265183942
2411,178979.4099488791
795,100216.30269660897
2312,230934.79973204547
2917,100023.11674875629
1624,177852.17955993413
2215,257074.11931590753
1211,147836.2949616784
1485,147018.48771494106
1024,162014.23290041412
570,179594.0029260475
2874,122545.10453017193
700,121176.04660590626
2756,225342.27144734756
2022,159730.00330629735
583,203494.91811177044
2392,402965.44414765574
2424,193476.2984927693
212,118035.98181471968
736,134792.25821436036
1610,167815.71942583186
890,115744.77310955242
467,171933.76277288306
578,207183.14287534295
1747,162641.46839364694
1149,164609.74392438706
2758,227595.619921828
857,131925.909466911
2219,293434.37945113366
733,94378.41711200372
2909,122550.46312413717
1798,293696.6820143231
235,130015.8764474952
2366,130911.68267474358
1027,133322.19673542932
1195,142756.70755243755
1303,53103.509945125414
148,174724.8191142431
608,157531.22502642864
2515,206190.10157479314
821,295254.95067686756
2500,272646.39278834657
745,115468.75372530491
741,126640.42432303172
1611,98999.37394808471
2532,125303.7104042691
1081,220433.93692191935
1692,451239.7970952059
2520,165405.93758535935
276,117908.48494468727
1992,132872.56945427472
663,68137.32502323981
418,129920.16647480984
1733,199555.57512236887
2359,144236.69872721817
253,190462.77322523735
1518,183942.18849449078
2035,135114.47396990203
2919,88028.00869041153
1540,250362.04145293057
2120,146224.60217183942
1674,183922.34646136366
256,137180.6519511583
2361,112462.0166623472
978,83566.15303507228
2280,142955.37555983217
2095,216595.71284443387
1709,319492.15580900165
2801,234773.40842780223
1246,113874.27630912108
2373,110088.56336219213
1055,254718.24684358807
2017,121833.0926125918
1099,265502.35583569854
1344,90146.74347739795
835,171176.5938476383
1117,222958.40398444096
2043,90493.888297022
2085,136691.18656676626
410,158360.49639129947
2650,101965.5220360626
2867,165304.34390848526
1668,125303.7104042691
1161,172852.70075171324
2122,169255.63777429846
2539,137550.29399347818
1047,133880.77220627238
1445,126618.98153792116
541,143374.28964578226
569,232687.75242886436
1276,125201.3412058885
918,146404.88813187406
326,175013.8444290471
1936,134603.75638032274
895,107324.48749782192
257,138008.02539950117
1241,173171.61921692695
1545,104866.98772468892
1189,162540.01289056637
270,146145.1157321612
2066,165321.21582287678
693,107332.05693529705
1259,138791.80274348115
2916,148353.41510618076
2321,295582.7414650972
1977,96651.26365975199
1895,149248.47824925958
1240,151162.0829337491
85,149332.13568476788
1823,115754.33404350486
825,289080.4867030741
110,236351.78135264237
697,119751.69964189854
2297,115351.81086223431
1231,139755.81092232175
1355,134279.24086296352
968,365093.5832963029
584,212176.5422731623
1315,125099.08703024364
1606,134623.2344467208
206,104103.62091652308
1685,348978.7321329979
2016,143420.84421857167
869,218298.6518403045
2135,124008.02001627737
2346,176649.6855376124
2430,210520.02597013337
2198,76940.40396818033
2652,120975.05981098379
27,119273.30165987859
241,164901.3268566897
906,126202.07792001622
1506,112504.92817825737
2098,377114.23559960193
1435,213118.44813140226
2213,138657.1443285346
1274,130267.16951313974
743,46268.78581776184
1737,195548.51235775382
2797,276138.9130013322
2185,92518.51738112862
58,171761.44491318593
830,189596.2681819398
808,125040.73993082935
680,136415.16187078453
1153,114901.15847759294
1291,147775.77970604855
1818,158182.74406322022
2161,182691.84839348105
1883,134263.96630226614
350,348025.1270087251
2473,142769.40013188808
295,167485.5991622665
293,191790.60310059783
859,127481.0115773486
288,66365.49362452161
1578,152359.23552063413
102,178280.5440016584
2831,165282.21065877995
1030,170451.0197343999
2551,134418.53668748133
1286,145082.53922349916
958,335673.63341679075
776,127381.73991197426
72,199595.2403130295
2263,257814.85596661392
1866,132109.45872246864
2876,73422.25142186269
2146,271426.63392682746
103,173570.46284178706
1500,137103.07505866795
492,174473.03162163196
167,139755.81092232175
2597,128372.52075698652
2685,106344.75959014465
1035,137215.52267262086
1220,66186.01053723515
2602,145382.8723296031
2159,213613.83977994244
695,125977.8107044017
1109,250029.10327307755
640,160607.3957778728
1652,146077.77785405083
2090,182802.17642174847
1188,175943.12490878694
2345,226598.7568475172
1059,431254.79675324226
2751,244602.01438960904
128,190086.8157186603
1523,174343.40694610443
2925,160774.13174142776
2145,303554.05950050557
1121,218576.1230729716
566,290449.9475479998
565,223434.87705743776
1331,148125.4191960707
2928,130149.06978078962
156,140843.51908974207
797,142832.94246149436
327,97889.43788878318
2859,148304.05257005454
1453,118844.74528946943
1762,357262.57202155143
1868,185292.23737714987
1760,187030.13778978822
1113,247925.030601466
1812,195759.33823002863
117,149246.95574611917
1142,206868.53096986542
2342,410915.24681549723
927,146096.6004347612
2478,182723.63564592518
655,84183.12754082924
2064,125861.20516889954
369,231512.1613149342
2239,112140.70913058045
2732,214002.40276421065
1653,162093.2810019158
959,195882.89166320924
2395,368809.8194723522
1412,111228.87827506503
271,268390.0313740125
1484,147018.48771494106
1497,147043.26355160985
552,179785.24690412823
2,112447.02460409002
1855,253202.50141755727
4,270088.0761354344
2292,152973.88764343545
134,140164.92381317468
646,122322.72972060989
42,330123.76229479595
532,220115.7547501353
713,111744.67509998921
2561,127539.06956344513
2360,137134.40423577777
1333,127924.83085314417
1407,192168.17845407777
2892,271203.50412182265
574,217681.84581521305
1227,165452.18860631486
2591,219477.1201958801
1476,205565.83998523265
1125,253252.88367206417
1446,133565.27408984175
408,107611.02261044712
1101,296272.89254042227
2251,196350.11439535304
373,177796.80810590374
2554,121037.78852367798
2382,264262.1097164242
1985,85872.30197550506
519,212802.74689180267
1093,189496.17434035192
864,262962.5880275701
2889,136169.53051971947
2308,174773.6761813359
986,155117.40092940847
1302,138762.68891421045
585,163174.61272760815
2708,135549.2753944491
147,135284.59903050296
1441,226162.2043651851
383,174763.21225014704
285,145592.9679357392
181,115484.42282768122
358,179855.82198614057
780,160686.54610139414
258,187567.3685944166
1865,192441.4158666293
692,123342.93909054693
2902,339899.1653708256
508,272125.6664331878
2638,126570.81420337384
36,151043.6392554198
611,162953.51275893778
2281,125938.4493232891
1678,118434.8884172548
1696,453701.9044536158
1557,81331.1797335202
2180,157694.3151648989
1726,211792.93178733057
951,137840.45544918528
267,238711.92739189573
2706,143093.72184262643
2221,225104.3943334208
1357,127035.97659298763
2901,322685.731301576
347,184568.68778087661
2164,173529.75099190976
1586,342319.7910684331
360,166598.4772905637
1769,216236.03566093187
2617,162562.3550105076
1879,144034.2263365805
991,198022.9508972481
1535,133274.5786406122
1191,146272.70569685067
1579,220091.47651649266
1882,131950.1510208078
1510,124516.98220986185
2196,102774.25704546412
1845,177865.49641375034
2336,401736.10866564844
942,101666.66962521119
861,123887.79280965407
2555,109220.31446752339
1392,155740.68159265546
2099,287755.2461499866
1543,132063.54532184327
948,271704.03389227873
1239,154897.0909805886
22,168097.95904141647
2796,226293.11951785992
2747,180004.0418492565
92,312132.70944147184
210,177689.9472736062
1858,196592.9565755186
2228,162243.3837277532
447,223038.3344775465
827,231160.25587936383
1649,202096.3210152558
682,132871.7729596843
2698,104735.14583002415
494,169763.40221086147
214,85384.5984383194
2441,270467.88228087756
2679,99750.69895757912
1336,112821.80991615744
465,174913.82204868592
1524,135453.0906285549
2543,121773.90400928972
631,143150.03064777845
2452,318007.4217858411
228,154623.34148583843
126,151360.28405751337
1092,201735.5289486597
1122,197848.0315553831
932,207655.820274052
1980,91661.66829023999
2171,113124.37056538263
551,155528.1905516071
2768,169897.92996836716
2056,120283.02917650883
1159,360686.1182185341
2645,107748.30299581542
1174,169364.95743777978
2266,209253.96527399728
2462,468544.2733625462
1219,147445.82680980308
2922,158309.5161796442
118,145090.83335074424
474,169125.8866483018
2576,145886.66325230082
872,270333.243168547
1077,212447.77584651622
1536,130630.59521786789
1150,130570.57020913628
2341,286514.7579690284
1931,140505.68698097207
2785,132539.66707580368
2538,130085.05325234852
597,186582.34045596034
464,191016.9014021556
233,227038.93581837113
2169,133201.11789919587
2123,154715.34039344927
1867,150066.2093597558
137,255934.73182424117
515,218124.49215792282
933,131370.90591952443
2784,153112.47607422646
972,166667.27735671648
599,156716.54982040764
2614,125658.0241927173
2582,145127.75638068648
1409,151220.7642813655
175,103055.94650293082
352,202849.9595828688
976,95207.99821896147
2134,195407.7483253127
984,118990.17013092437
2396,366762.41399623605
1673,140431.48675723278
404,123074.62991473307
607,165859.2756857887
814,162909.6435007981
868,201650.98126324045
2271,202685.98152933482
1633,242717.78122692773
337,182747.6464540855
2765,158642.27136007478
1746,232571.80260263654
368,350631.9322943551
2806,194643.939010376
1662,168172.28748650395
1234,216402.91808691583
1373,135965.72450478896
1672,112768.4275911031
1939,138901.00359107583
